"11/17/2017 14:56:39",1558,"11/17/2017 14:56:42",609545,"11/17/2017 15:06:52","D:\code\cc-script_0.0.5\rp1.3.labs.11-17-2017 14-56-28.png","Request timed out: LTVH","NotAvailable.png",
"11/17/2017 15:09:06",1616,"11/17/2017 15:09:10",9991,"11/17/2017 15:09:20","D:\code\cc-script_0.0.5\rp1.3.labs.11-17-2017 15-08-55.png",,,
"11/17/2017 15:16:26",2790,"11/17/2017 15:16:31",31439,"11/17/2017 15:17:02","D:\code\cc-script_0.0.5\rp1.3.labs.11-17-2017 15-16-15.png",,,
"11/17/2017 15:24:13",1675,"11/17/2017 15:24:17",9072,"11/17/2017 15:24:26","D:\code\cc-script_0.0.5\rp1.3.labs.11-17-2017 15-24-03.png",,,
"11/17/2017 15:31:03",1615,"11/17/2017 15:31:07",8766,"11/17/2017 15:31:16","D:\code\cc-script_0.0.5\rp1.3.labs.11-17-2017 15-30-53.png",,,
"11/17/2017 15:38:27",1618,"11/17/2017 15:38:31",640023,"11/17/2017 15:49:11","D:\code\cc-script_0.0.5\rp1.3.labs.11-17-2017 15-38-16.png","Request timed out: LTVH","NotAvailable.png",
"11/17/2017 15:56:29",2709,"11/17/2017 15:56:33",10563,"11/17/2017 15:56:44","D:\code\cc-script_0.0.5\rp1.3.labs.11-17-2017 15-56-18.png",,,
"11/17/2017 16:03:51",1486,"11/17/2017 16:03:54",8851,"11/17/2017 16:04:03","D:\code\cc-script_0.0.5\rp1.3.labs.11-17-2017 16-03-40.png",,,
"11/17/2017 16:11:17",2176,"11/17/2017 16:11:22",8754,"11/17/2017 16:11:30","D:\code\cc-script_0.0.5\rp1.3.labs.11-17-2017 16-11-06.png",,,
"11/17/2017 16:18:36",1469,"11/17/2017 16:18:39",7931,"11/17/2017 16:18:47","D:\code\cc-script_0.0.5\rp1.3.labs.11-17-2017 16-18-25.png",,,
"11/17/2017 16:26:00",1698,"11/17/2017 16:26:03",32472,"11/17/2017 16:26:36","D:\code\cc-script_0.0.5\rp1.3.labs.11-17-2017 16-25-49.png",,,
"11/17/2017 16:33:50",2616,"11/17/2017 16:33:55",612079,"11/17/2017 16:44:07","D:\code\cc-script_0.0.5\rp1.3.labs.11-17-2017 16-33-39.png","Data failed to retrieve from LTVH. Click Refresh to re-load data.","NotAvailable.png",
"11/17/2017 16:51:20",1611,"11/17/2017 16:51:23",9341,"11/17/2017 16:51:33","D:\code\cc-script_0.0.5\rp1.3.labs.11-17-2017 16-51-09.png",,,
"11/17/2017 16:58:39",1546,"11/17/2017 16:58:42",638374,"11/17/2017 17:09:21","D:\code\cc-script_0.0.5\rp1.3.labs.11-17-2017 16-58-27.png","Request timed out: LTVH","NotAvailable.png",
"11/17/2017 17:16:39",2890,"11/17/2017 17:16:43",12096,"11/17/2017 17:16:56","D:\code\cc-script_0.0.5\rp1.3.labs.11-17-2017 17-16-28.png",,,
"11/17/2017 17:24:01",1626,"11/17/2017 17:24:05",7281,"11/17/2017 17:24:12","D:\code\cc-script_0.0.5\rp1.3.labs.11-17-2017 17-23-51.png",,,
"11/17/2017 17:31:24",1720,"11/17/2017 17:31:27",8242,"11/17/2017 17:31:36","D:\code\cc-script_0.0.5\rp1.3.labs.11-17-2017 17-31-13.png",,,
"11/17/2017 17:38:41",1588,"11/17/2017 17:38:45",650908,"11/17/2017 17:49:36","D:\code\cc-script_0.0.5\rp1.3.labs.11-17-2017 17-38-30.png",,,
"11/17/2017 18:07:21",1652,"11/17/2017 18:07:24",12215,"11/17/2017 18:07:37","D:\code\cc-script_0.0.5\rp1.3.labs.11-17-2017 18-07-10.png",,,
"11/17/2017 18:14:42",1518,"11/17/2017 18:14:45",7003,"11/17/2017 18:14:52","D:\code\cc-script_0.0.5\rp1.3.labs.11-17-2017 18-14-31.png",,,
"11/17/2017 18:22:05",21288,"11/17/2017 18:22:29",38537,"11/17/2017 18:23:07","D:\code\cc-script_0.0.5\rp1.3.labs.11-17-2017 18-21-53.png",,,
"11/17/2017 18:30:52",6766,"11/17/2017 18:31:01",8736,"11/17/2017 18:31:09","D:\code\cc-script_0.0.5\rp1.3.labs.11-17-2017 18-30-41.png",,,
"11/17/2017 18:38:21",1595,"11/17/2017 18:38:25",610998,"11/17/2017 18:48:36","D:\code\cc-script_0.0.5\rp1.3.labs.11-17-2017 18-38-10.png","Request timed out: LTVH","NotAvailable.png",
"11/17/2017 18:55:49",1599,"11/17/2017 18:55:52",37159,"11/17/2017 18:56:29","D:\code\cc-script_0.0.5\rp1.3.labs.11-17-2017 18-55-38.png",,,
"11/17/2017 19:03:43",2853,"11/17/2017 19:03:48",8591,"11/17/2017 19:03:57","D:\code\cc-script_0.0.5\rp1.3.labs.11-17-2017 19-03-33.png",,,
"11/17/2017 19:11:07",1597,"11/17/2017 19:11:10",618633,"11/17/2017 19:21:29","D:\code\cc-script_0.0.5\rp1.3.labs.11-17-2017 19-10-56.png","Request timed out: LTVH","NotAvailable.png",
"11/17/2017 19:28:42",1590,"11/17/2017 19:28:46",356537,"11/17/2017 19:34:42","D:\code\cc-script_0.0.5\rp1.3.labs.11-17-2017 19-28-30.png",,,
"11/17/2017 19:42:01",2753,"11/17/2017 19:42:05",610770,"11/17/2017 19:52:16","D:\code\cc-script_0.0.5\rp1.3.labs.11-17-2017 19-41-50.png","Request timed out: LTVH","NotAvailable.png",
"11/17/2017 19:59:40",1590,"11/17/2017 19:59:44",364437,"11/17/2017 20:05:48","D:\code\cc-script_0.0.5\rp1.3.labs.11-17-2017 19-59-22.png",,,
"11/17/2017 20:13:08",2515,"11/17/2017 20:13:12",10255,"11/17/2017 20:13:22","D:\code\cc-script_0.0.5\rp1.3.labs.11-17-2017 20-12-57.png",,,
"11/17/2017 20:20:29",1520,"11/17/2017 20:20:32",7505,"11/17/2017 20:20:40","D:\code\cc-script_0.0.5\rp1.3.labs.11-17-2017 20-20-17.png",,,
"11/17/2017 20:27:56",1563,"11/17/2017 20:28:00",8075,"11/17/2017 20:28:08","D:\code\cc-script_0.0.5\rp1.3.labs.11-17-2017 20-27-46.png",,,
"11/17/2017 20:35:15",1465,"11/17/2017 20:35:19",7840,"11/17/2017 20:35:27","D:\code\cc-script_0.0.5\rp1.3.labs.11-17-2017 20-35-05.png",,,
"11/17/2017 20:42:39",1931,"11/17/2017 20:42:43",644082,"11/17/2017 20:53:27","D:\code\cc-script_0.0.5\rp1.3.labs.11-17-2017 20-42-28.png",,,
"11/17/2017 21:01:01",3722,"11/17/2017 21:01:06",11150,"11/17/2017 21:01:17","D:\code\cc-script_0.0.5\rp1.3.labs.11-17-2017 21-00-50.png",,,
"11/17/2017 21:08:24",1616,"11/17/2017 21:08:27",8078,"11/17/2017 21:08:35","D:\code\cc-script_0.0.5\rp1.3.labs.11-17-2017 21-08-13.png",,,
"11/17/2017 21:15:48",1618,"11/17/2017 21:15:52",8549,"11/17/2017 21:16:00","D:\code\cc-script_0.0.5\rp1.3.labs.11-17-2017 21-15-37.png",,,
"11/17/2017 21:23:06",3511,"11/17/2017 21:23:11",13058,"11/17/2017 21:23:24","D:\code\cc-script_0.0.5\rp1.3.labs.11-17-2017 21-22-55.png",,,
"11/17/2017 21:30:35",7376,"11/17/2017 21:30:44",24108,"11/17/2017 21:31:08","D:\code\cc-script_0.0.5\rp1.3.labs.11-17-2017 21-30-24.png",,,
"11/17/2017 21:38:26",2799,"11/17/2017 21:38:30",11460,"11/17/2017 21:38:42","D:\code\cc-script_0.0.5\rp1.3.labs.11-17-2017 21-38-15.png",,,
"11/17/2017 21:45:57",1771,"11/17/2017 21:46:01",8503,"11/17/2017 21:46:10","D:\code\cc-script_0.0.5\rp1.3.labs.11-17-2017 21-45-46.png",,,
"11/17/2017 21:53:16",1493,"11/17/2017 21:53:19",20355,"11/17/2017 21:53:40","D:\code\cc-script_0.0.5\rp1.3.labs.11-17-2017 21-53-05.png",,,
"11/17/2017 22:00:50",7213,"11/17/2017 22:00:59",8147,"11/17/2017 22:01:07","D:\code\cc-script_0.0.5\rp1.3.labs.11-17-2017 22-00-39.png",,,
"11/17/2017 22:08:16",1460,"11/17/2017 22:08:20",28522,"11/17/2017 22:08:48","D:\code\cc-script_0.0.5\rp1.3.labs.11-17-2017 22-08-05.png",,,
"11/17/2017 22:16:09",2676,"11/17/2017 22:16:14",10981,"11/17/2017 22:16:25","D:\code\cc-script_0.0.5\rp1.3.labs.11-17-2017 22-15-58.png",,,
"11/17/2017 22:23:31",2121,"11/17/2017 22:23:35",13279,"11/17/2017 22:23:48","D:\code\cc-script_0.0.5\rp1.3.labs.11-17-2017 22-23-20.png",,,
"11/17/2017 22:31:03",7620,"11/17/2017 22:31:12",7748,"11/17/2017 22:31:20","D:\code\cc-script_0.0.5\rp1.3.labs.11-17-2017 22-30-52.png",,,
"11/17/2017 22:38:26",1456,"11/17/2017 22:38:29",9635,"11/17/2017 22:38:39","D:\code\cc-script_0.0.5\rp1.3.labs.11-17-2017 22-38-14.png",,,
"11/17/2017 22:45:51",3833,"11/17/2017 22:45:57",22885,"11/17/2017 22:46:20","D:\code\cc-script_0.0.5\rp1.3.labs.11-17-2017 22-45-39.png",,,
"11/17/2017 22:53:39",4863,"11/17/2017 22:53:45",22701,"11/17/2017 22:54:08","D:\code\cc-script_0.0.5\rp1.3.labs.11-17-2017 22-53-27.png",,,
"11/17/2017 23:01:22",7643,"11/17/2017 23:01:31",6830,"11/17/2017 23:01:38","D:\code\cc-script_0.0.5\rp1.3.labs.11-17-2017 23-01-11.png",,,
"11/17/2017 23:08:44",1403,"11/17/2017 23:08:47",9615,"11/17/2017 23:08:57","D:\code\cc-script_0.0.5\rp1.3.labs.11-17-2017 23-08-33.png",,,
"11/17/2017 23:16:09",1585,"11/17/2017 23:16:13",32436,"11/17/2017 23:16:45","D:\code\cc-script_0.0.5\rp1.3.labs.11-17-2017 23-15-59.png",,,
"11/17/2017 23:24:00",5558,"11/17/2017 23:24:07",611514,"11/17/2017 23:34:19","D:\code\cc-script_0.0.5\rp1.3.labs.11-17-2017 23-23-48.png","Request timed out: LTVH","NotAvailable.png",
"11/17/2017 23:41:32",1873,"11/17/2017 23:41:36",8461,"11/17/2017 23:41:45","D:\code\cc-script_0.0.5\rp1.3.labs.11-17-2017 23-41-22.png",,,
"11/17/2017 23:48:52",1553,"11/17/2017 23:48:56",630867,"11/17/2017 23:59:27","D:\code\cc-script_0.0.5\rp1.3.labs.11-17-2017 23-48-41.png","Request timed out: LTVH","NotAvailable.png",
"11/18/2017 00:06:51",3058,"11/18/2017 00:06:56",11078,"11/18/2017 00:07:07","D:\code\cc-script_0.0.5\rp1.3.labs.11-18-2017 00-06-40.png",,,
"11/18/2017 00:14:13",4668,"11/18/2017 00:14:19",9685,"11/18/2017 00:14:29","D:\code\cc-script_0.0.5\rp1.3.labs.11-18-2017 00-14-02.png",,,
"11/18/2017 00:21:39",1721,"11/18/2017 00:21:43",7375,"11/18/2017 00:21:50","D:\code\cc-script_0.0.5\rp1.3.labs.11-18-2017 00-21-29.png",,,
"11/18/2017 00:29:01",1630,"11/18/2017 00:29:05",7035,"11/18/2017 00:29:12","D:\code\cc-script_0.0.5\rp1.3.labs.11-18-2017 00-28-50.png",,,
"11/18/2017 00:36:24",7718,"11/18/2017 00:36:33",36120,"11/18/2017 00:37:09","D:\code\cc-script_0.0.5\rp1.3.labs.11-18-2017 00-36-13.png",,,
"11/18/2017 00:44:27",2699,"11/18/2017 00:44:32",11235,"11/18/2017 00:44:43","D:\code\cc-script_0.0.5\rp1.3.labs.11-18-2017 00-44-17.png",,,
"11/18/2017 00:51:55",1888,"11/18/2017 00:51:59",608814,"11/18/2017 01:02:07","D:\code\cc-script_0.0.5\rp1.3.labs.11-18-2017 00-51-44.png","Request timed out: LTVH","NotAvailable.png",
"11/18/2017 01:09:22",1725,"11/18/2017 01:09:26",25557,"11/18/2017 01:09:51","D:\code\cc-script_0.0.5\rp1.3.labs.11-18-2017 01-09-12.png",,,
"11/18/2017 01:17:08",3095,"11/18/2017 01:17:13",11598,"11/18/2017 01:17:25","D:\code\cc-script_0.0.5\rp1.3.labs.11-18-2017 01-16-57.png",,,
"11/18/2017 01:24:39",1571,"11/18/2017 01:24:43",8271,"11/18/2017 01:24:51","D:\code\cc-script_0.0.5\rp1.3.labs.11-18-2017 01-24-29.png",,,
"11/18/2017 01:31:59",1511,"11/18/2017 01:32:02",647507,"11/18/2017 01:42:50","D:\code\cc-script_0.0.5\rp1.3.labs.11-18-2017 01-31-47.png",,,
"11/18/2017 01:50:14",2746,"11/18/2017 01:50:19",611670,"11/18/2017 02:00:31","D:\code\cc-script_0.0.5\rp1.3.labs.11-18-2017 01-50-04.png","Request timed out: LTVH","NotAvailable.png",
"11/18/2017 02:07:46",1646,"11/18/2017 02:07:50",8636,"11/18/2017 02:07:58","D:\code\cc-script_0.0.5\rp1.3.labs.11-18-2017 02-07-36.png",,,
"11/18/2017 02:15:03",1621,"11/18/2017 02:15:07",657033,"11/18/2017 02:26:04","D:\code\cc-script_0.0.5\rp1.3.labs.11-18-2017 02-14-52.png",,,
"11/18/2017 02:35:29",23138,"11/18/2017 02:35:54",11610,"11/18/2017 02:36:06","D:\code\cc-script_0.0.5\rp1.3.labs.11-18-2017 02-35-18.png",,,
"11/18/2017 02:43:12",4677,"11/18/2017 02:43:19",8852,"11/18/2017 02:43:27","D:\code\cc-script_0.0.5\rp1.3.labs.11-18-2017 02-43-01.png",,,
"11/18/2017 02:50:39",1624,"11/18/2017 02:50:43",8454,"11/18/2017 02:50:51","D:\code\cc-script_0.0.5\rp1.3.labs.11-18-2017 02-50-28.png",,,
"11/18/2017 02:57:58",1516,"11/18/2017 02:58:01",24818,"11/18/2017 02:58:26","D:\code\cc-script_0.0.5\rp1.3.labs.11-18-2017 02-57-46.png",,,
"11/18/2017 03:05:53",3151,"11/18/2017 03:05:58",611454,"11/18/2017 03:16:10","D:\code\cc-script_0.0.5\rp1.3.labs.11-18-2017 03-05-43.png","Request timed out: LTVH","NotAvailable.png",
"11/18/2017 03:23:24",2984,"11/18/2017 03:23:29",8261,"11/18/2017 03:23:38","D:\code\cc-script_0.0.5\rp1.3.labs.11-18-2017 03-23-14.png",,,
"11/18/2017 03:30:46",2608,"11/18/2017 03:30:51",33889,"11/18/2017 03:31:25","D:\code\cc-script_0.0.5\rp1.3.labs.11-18-2017 03-30-36.png",,,
"11/18/2017 03:38:50",3954,"11/18/2017 03:38:56",11522,"11/18/2017 03:39:08","D:\code\cc-script_0.0.5\rp1.3.labs.11-18-2017 03-38-39.png",,,
"11/18/2017 03:46:14",2514,"11/18/2017 03:46:18",8245,"11/18/2017 03:46:27","D:\code\cc-script_0.0.5\rp1.3.labs.11-18-2017 03-46-03.png",,,
"11/18/2017 03:53:42",2736,"11/18/2017 03:53:47",8484,"11/18/2017 03:53:55","D:\code\cc-script_0.0.5\rp1.3.labs.11-18-2017 03-53-31.png",,,
"11/18/2017 04:01:05",2533,"11/18/2017 04:01:09",8479,"11/18/2017 04:01:18","D:\code\cc-script_0.0.5\rp1.3.labs.11-18-2017 04-00-53.png",,,
"11/18/2017 04:08:29",7527,"11/18/2017 04:08:39",1493044,"11/18/2017 04:33:32","D:\code\cc-script_0.0.5\rp1.2.patient.11-18-2017 04-08-18.png",,,
"11/18/2017 04:43:48",3036,"11/18/2017 04:43:53",12689,"11/18/2017 04:44:06","D:\code\cc-script_0.0.5\rp1.3.labs.11-18-2017 04-43-37.png",,,
"11/18/2017 04:51:11",1483,"11/18/2017 04:51:15",34077,"11/18/2017 04:51:49","D:\code\cc-script_0.0.5\rp1.3.labs.11-18-2017 04-51-01.png",,,
"11/18/2017 04:59:06",1825,"11/18/2017 04:59:09",7985,"11/18/2017 04:59:17","D:\code\cc-script_0.0.5\rp1.3.labs.11-18-2017 04-58-55.png",,,
"11/18/2017 05:06:23",1549,"11/18/2017 05:06:27",9130,"11/18/2017 05:06:36","D:\code\cc-script_0.0.5\rp1.3.labs.11-18-2017 05-06-12.png",,,
"11/18/2017 05:14:01",2851,"11/18/2017 05:14:06",637311,"11/18/2017 05:24:43","D:\code\cc-script_0.0.5\rp1.3.labs.11-18-2017 05-13-50.png","Request timed out: LTVH","NotAvailable.png",
"11/18/2017 05:31:56",1698,"11/18/2017 05:31:59",8415,"11/18/2017 05:32:08","D:\code\cc-script_0.0.5\rp1.3.labs.11-18-2017 05-31-45.png",,,
"11/18/2017 05:39:19",1684,"11/18/2017 05:39:22",608197,"11/18/2017 05:49:30","D:\code\cc-script_0.0.5\rp1.3.labs.11-18-2017 05-39-07.png","Request timed out: LTVH","NotAvailable.png",
"11/18/2017 05:57:04",3432,"11/18/2017 05:57:10",33042,"11/18/2017 05:57:43","D:\code\cc-script_0.0.5\rp1.3.labs.11-18-2017 05-56-53.png",,,
"11/18/2017 06:04:48",1482,"11/18/2017 06:04:52",7232,"11/18/2017 06:04:59","D:\code\cc-script_0.0.5\rp1.3.labs.11-18-2017 06-04-37.png",,,
"11/18/2017 06:12:14",4945,"11/18/2017 06:12:21",611121,"11/18/2017 06:22:32","D:\code\cc-script_0.0.5\rp1.3.labs.11-18-2017 06-12-00.png","Request timed out: LTVH","NotAvailable.png",
"11/18/2017 06:29:55",2619,"11/18/2017 06:30:00",27081,"11/18/2017 06:30:27","D:\code\cc-script_0.0.5\rp1.3.labs.11-18-2017 06-29-44.png",,,
"11/18/2017 06:37:36",1518,"11/18/2017 06:37:39",8088,"11/18/2017 06:37:48","D:\code\cc-script_0.0.5\rp1.3.labs.11-18-2017 06-37-25.png",,,
"11/18/2017 06:44:58",1640,"11/18/2017 06:45:02",8396,"11/18/2017 06:45:10","D:\code\cc-script_0.0.5\rp1.3.labs.11-18-2017 06-44-48.png",,,
"11/18/2017 06:52:22",1542,"11/18/2017 06:52:26",643254,"11/18/2017 07:03:09","D:\code\cc-script_0.0.5\rp1.3.labs.11-18-2017 06-52-12.png",,,
"11/18/2017 07:10:29",5636,"11/18/2017 07:10:37",10875,"11/18/2017 07:10:48","D:\code\cc-script_0.0.5\rp1.3.labs.11-18-2017 07-10-18.png",,,
"11/18/2017 07:17:58",1508,"11/18/2017 07:18:01",7443,"11/18/2017 07:18:09","D:\code\cc-script_0.0.5\rp1.3.labs.11-18-2017 07-17-47.png",,,
"11/18/2017 07:25:22",1599,"11/18/2017 07:25:26",12619,"11/18/2017 07:25:38","D:\code\cc-script_0.0.5\rp1.3.labs.11-18-2017 07-25-12.png",,,
"11/18/2017 07:32:47",1519,"11/18/2017 07:32:50",7819,"11/18/2017 07:32:58","D:\code\cc-script_0.0.5\rp1.3.labs.11-18-2017 07-32-36.png",,,
"11/18/2017 07:40:13",1836,"11/18/2017 07:40:17",35002,"11/18/2017 07:40:52","D:\code\cc-script_0.0.5\rp1.3.labs.11-18-2017 07-40-02.png",,,
"11/18/2017 07:48:07",2874,"11/18/2017 07:48:12",610791,"11/18/2017 07:58:23","D:\code\cc-script_0.0.5\rp1.3.labs.11-18-2017 07-47-57.png","Request timed out: LTVH","NotAvailable.png",
"11/18/2017 08:05:34",2155,"11/18/2017 08:05:38",8709,"11/18/2017 08:05:47","D:\code\cc-script_0.0.5\rp1.3.labs.11-18-2017 08-05-23.png",,,
"11/18/2017 08:12:55",1551,"11/18/2017 08:12:59",629880,"11/18/2017 08:23:29","D:\code\cc-script_0.0.5\rp1.3.labs.11-18-2017 08-12-45.png","Request timed out: LTVH","NotAvailable.png",
"11/18/2017 08:30:54",2718,"11/18/2017 08:30:59",11937,"11/18/2017 08:31:11","D:\code\cc-script_0.0.5\rp1.3.labs.11-18-2017 08-30-43.png",,,
"11/18/2017 08:38:22",1511,"11/18/2017 08:38:25",8309,"11/18/2017 08:38:34","D:\code\cc-script_0.0.5\rp1.3.labs.11-18-2017 08-38-10.png",,,
"11/18/2017 08:45:44",3712,"11/18/2017 08:45:49",9934,"11/18/2017 08:45:59","D:\code\cc-script_0.0.5\rp1.3.labs.11-18-2017 08-45-32.png",,,
"11/18/2017 08:53:06",2074,"11/18/2017 08:53:10",7976,"11/18/2017 08:53:18","D:\code\cc-script_0.0.5\rp1.3.labs.11-18-2017 08-52-55.png",,,
"11/18/2017 09:00:34",1805,"11/18/2017 09:00:37",35558,"11/18/2017 09:01:13","D:\code\cc-script_0.0.5\rp1.3.labs.11-18-2017 09-00-23.png",,,
"11/18/2017 09:08:32",5500,"11/18/2017 09:08:40",12548,"11/18/2017 09:08:52","D:\code\cc-script_0.0.5\rp1.3.labs.11-18-2017 09-08-22.png",,,
"11/18/2017 09:16:03",1692,"11/18/2017 09:16:07",8181,"11/18/2017 09:16:15","D:\code\cc-script_0.0.5\rp1.3.labs.11-18-2017 09-15-53.png",,,
"11/18/2017 09:23:24",1699,"11/18/2017 09:23:27",13400,"11/18/2017 09:23:41","D:\code\cc-script_0.0.5\rp1.3.labs.11-18-2017 09-23-13.png",,,
"11/18/2017 09:30:52",1603,"11/18/2017 09:30:55",9633,"11/18/2017 09:31:05","D:\code\cc-script_0.0.5\rp1.3.labs.11-18-2017 09-30-41.png",,,
"11/18/2017 09:38:11",8047,"11/18/2017 09:38:21",646060,"11/18/2017 09:49:07","D:\code\cc-script_0.0.5\rp1.3.labs.11-18-2017 09-37-59.png",,,
"11/18/2017 09:56:29",7063,"11/18/2017 09:56:39",11027,"11/18/2017 09:56:50","D:\code\cc-script_0.0.5\rp1.3.labs.11-18-2017 09-56-16.png",,,
"11/18/2017 10:28:04",2940,"11/18/2017 10:28:09",36361,"11/18/2017 10:28:46","D:\code\cc-script_0.0.5\rp1.3.labs.11-18-2017 10-27-54.png",,,
"11/18/2017 10:36:00",1635,"11/18/2017 10:36:03",7703,"11/18/2017 10:36:11","D:\code\cc-script_0.0.5\rp1.3.labs.11-18-2017 10-35-49.png",,,
"11/18/2017 10:43:23",1580,"11/18/2017 10:43:27",609240,"11/18/2017 10:53:36","D:\code\cc-script_0.0.5\rp1.3.labs.11-18-2017 10-43-13.png","Request timed out: LTVH","NotAvailable.png",
"11/18/2017 11:00:58",5605,"11/18/2017 11:01:06",32886,"11/18/2017 11:01:39","D:\code\cc-script_0.0.5\rp1.3.labs.11-18-2017 11-00-47.png",,,
"11/18/2017 11:08:44",1541,"11/18/2017 11:08:48",7452,"11/18/2017 11:08:55","D:\code\cc-script_0.0.5\rp1.3.labs.11-18-2017 11-08-33.png",,,
"11/18/2017 11:16:12",1901,"11/18/2017 11:16:16",608791,"11/18/2017 11:26:25","D:\code\cc-script_0.0.5\rp1.3.labs.11-18-2017 11-16-01.png","Request timed out: LTVH","NotAvailable.png",
"11/18/2017 11:33:46",2514,"11/18/2017 11:33:51",27170,"11/18/2017 11:34:18","D:\code\cc-script_0.0.5\rp1.3.labs.11-18-2017 11-33-36.png",,,
"11/18/2017 11:41:23",1458,"11/18/2017 11:41:27",608645,"11/18/2017 11:51:36","D:\code\cc-script_0.0.5\rp1.3.labs.11-18-2017 11-41-13.png","Request timed out: LTVH","NotAvailable.png",
"11/18/2017 11:58:48",1675,"11/18/2017 11:58:52",10758,"11/18/2017 11:59:03","D:\code\cc-script_0.0.5\rp1.3.labs.11-18-2017 11-58-38.png",,,
"11/18/2017 12:06:17",2926,"11/18/2017 12:06:22",612659,"11/18/2017 12:16:35","D:\code\cc-script_0.0.5\rp1.3.labs.11-18-2017 12-06-07.png","Request timed out: LTVH","NotAvailable.png",
"11/18/2017 12:23:48",2062,"11/18/2017 12:23:52",608131,"11/18/2017 12:34:00","D:\code\cc-script_0.0.5\rp1.3.labs.11-18-2017 12-23-36.png","Request timed out: LTVH","NotAvailable.png",
"11/18/2017 12:41:24",3050,"11/18/2017 12:41:29",612865,"11/18/2017 12:51:42","D:\code\cc-script_0.0.5\rp1.3.labs.11-18-2017 12-41-12.png","Request timed out: LTVH","NotAvailable.png",
"11/18/2017 12:58:53",1730,"11/18/2017 12:58:56",608766,"11/18/2017 13:09:05","D:\code\cc-script_0.0.5\rp1.3.labs.11-18-2017 12-58-42.png","Request timed out: LTVH","NotAvailable.png",
"11/18/2017 13:16:25",2758,"11/18/2017 13:16:30",612912,"11/18/2017 13:26:43","D:\code\cc-script_0.0.5\rp1.3.labs.11-18-2017 13-16-13.png","Request timed out: LTVH","NotAvailable.png",
"11/18/2017 13:33:55",2523,"11/18/2017 13:33:59",8659,"11/18/2017 13:34:08","D:\code\cc-script_0.0.5\rp1.3.labs.11-18-2017 13-33-43.png",,,
"11/18/2017 13:41:19",1511,"11/18/2017 13:41:22",8496,"11/18/2017 13:41:31","D:\code\cc-script_0.0.5\rp1.3.labs.11-18-2017 13-41-09.png",,,
"11/18/2017 13:48:48",2542,"11/18/2017 13:48:53",10523,"11/18/2017 13:49:03","D:\code\cc-script_0.0.5\rp1.3.labs.11-18-2017 13-48-37.png",,,
"11/18/2017 13:56:08",1527,"11/18/2017 13:56:12",466595,"11/18/2017 14:03:59","D:\code\cc-script_0.0.5\rp1.3.labs.11-18-2017 13-55-58.png",,,
"11/18/2017 14:11:09",1581,"11/18/2017 14:11:13",14217,"11/18/2017 14:11:27","D:\code\cc-script_0.0.5\rp1.3.labs.11-18-2017 14-10-58.png",,,
"11/18/2017 14:18:36",1495,"11/18/2017 14:18:40",616132,"11/18/2017 14:28:56","D:\code\cc-script_0.0.5\rp1.3.labs.11-18-2017 14-18-25.png","Request timed out: LTVH","NotAvailable.png",
"11/18/2017 14:36:17",2768,"11/18/2017 14:36:22",12335,"11/18/2017 14:36:34","D:\code\cc-script_0.0.5\rp1.3.labs.11-18-2017 14-36-06.png",,,
"11/18/2017 14:43:41",1478,"11/18/2017 14:43:44",608440,"11/18/2017 14:53:53","D:\code\cc-script_0.0.5\rp1.3.labs.11-18-2017 14-43-30.png","Request timed out: LTVH","NotAvailable.png",
"11/18/2017 15:01:02",2105,"11/18/2017 15:01:07",644838,"11/18/2017 15:11:51","D:\code\cc-script_0.0.5\rp1.3.labs.11-18-2017 15-00-52.png",,,
"11/18/2017 15:19:11",2717,"11/18/2017 15:19:16",611357,"11/18/2017 15:29:27","D:\code\cc-script_0.0.5\rp1.3.labs.11-18-2017 15-19-00.png","Request timed out: LTVH","NotAvailable.png",
"11/18/2017 15:36:38",1750,"11/18/2017 15:36:42",632646,"11/18/2017 15:47:15","D:\code\cc-script_0.0.5\rp1.3.labs.11-18-2017 15-36-27.png","Request timed out: LTVH","NotAvailable.png",
"11/18/2017 15:54:32",2588,"11/18/2017 15:54:37",11286,"11/18/2017 15:54:48","D:\code\cc-script_0.0.5\rp1.3.labs.11-18-2017 15-54-21.png",,,
"11/18/2017 16:01:53",1404,"11/18/2017 16:01:56",496620,"11/18/2017 16:10:13","D:\code\cc-script_0.0.5\rp1.3.labs.11-18-2017 16-01-43.png",,,
"11/18/2017 16:17:34",1640,"11/18/2017 16:17:37",645031,"11/18/2017 16:28:22","D:\code\cc-script_0.0.5\rp1.3.labs.11-18-2017 16-17-23.png",,,
"11/18/2017 16:35:41",2799,"11/18/2017 16:35:46",10879,"11/18/2017 16:35:57","D:\code\cc-script_0.0.5\rp1.3.labs.11-18-2017 16-35-30.png",,,
"11/18/2017 16:43:02",2643,"11/18/2017 16:43:06",611691,"11/18/2017 16:53:18","D:\code\cc-script_0.0.5\rp1.3.labs.11-18-2017 16-42-51.png","Request timed out: LTVH","NotAvailable.png",
"11/18/2017 17:00:29",1696,"11/18/2017 17:00:33",325037,"11/18/2017 17:05:58","D:\code\cc-script_0.0.5\rp1.3.labs.11-18-2017 17-00-19.png",,,
"11/18/2017 17:13:19",3493,"11/18/2017 17:13:24",617968,"11/18/2017 17:23:42","D:\code\cc-script_0.0.5\rp1.3.labs.11-18-2017 17-13-08.png","Request timed out: LTVH","NotAvailable.png",
"11/18/2017 17:30:57",1620,"11/18/2017 17:31:00",8022,"11/18/2017 17:31:08","D:\code\cc-script_0.0.5\rp1.3.labs.11-18-2017 17-30-46.png",,,
"11/18/2017 17:38:14",1470,"11/18/2017 17:38:17",57428,"11/18/2017 17:39:15","D:\code\cc-script_0.0.5\rp1.3.labs.11-18-2017 17-38-03.png",,,
"11/18/2017 17:46:31",7234,"11/18/2017 17:46:41",11405,"11/18/2017 17:46:52","D:\code\cc-script_0.0.5\rp1.3.labs.11-18-2017 17-46-20.png",,,
"11/18/2017 17:53:56",1514,"11/18/2017 17:54:00",608495,"11/18/2017 18:04:08","D:\code\cc-script_0.0.5\rp1.3.labs.11-18-2017 17-53-46.png","Request timed out: LTVH","NotAvailable.png",
"11/18/2017 18:11:20",1810,"11/18/2017 18:11:24",33723,"11/18/2017 18:11:57","D:\code\cc-script_0.0.5\rp1.3.labs.11-18-2017 18-11-09.png",,,
"11/18/2017 18:19:16",5695,"11/18/2017 18:19:24",612221,"11/18/2017 18:29:36","D:\code\cc-script_0.0.5\rp1.3.labs.11-18-2017 18-19-05.png","Request timed out: LTVH","NotAvailable.png",
"11/18/2017 18:36:51",1612,"11/18/2017 18:36:55",8209,"11/18/2017 18:37:03","D:\code\cc-script_0.0.5\rp1.3.labs.11-18-2017 18-36-40.png",,,
"11/18/2017 18:44:09",1498,"11/18/2017 18:44:13",634633,"11/18/2017 18:54:47","D:\code\cc-script_0.0.5\rp1.3.labs.11-18-2017 18-43-57.png","Request timed out: LTVH","NotAvailable.png",
"11/18/2017 19:02:05",2703,"11/18/2017 19:02:10",10530,"11/18/2017 19:02:20","D:\code\cc-script_0.0.5\rp1.3.labs.11-18-2017 19-01-54.png",,,
"11/18/2017 19:09:40",1538,"11/18/2017 19:09:43",10023,"11/18/2017 19:09:53","D:\code\cc-script_0.0.5\rp1.3.labs.11-18-2017 19-09-20.png",,,
"11/18/2017 19:17:07",1574,"11/18/2017 19:17:11",6850,"11/18/2017 19:17:18","D:\code\cc-script_0.0.5\rp1.3.labs.11-18-2017 19-16-57.png",,,
"11/18/2017 19:24:25",1581,"11/18/2017 19:24:28",8710,"11/18/2017 19:24:37","D:\code\cc-script_0.0.5\rp1.3.labs.11-18-2017 19-24-12.png",,,
"11/18/2017 19:31:49",1606,"11/18/2017 19:31:52",28241,"11/18/2017 19:32:21","D:\code\cc-script_0.0.5\rp1.3.labs.11-18-2017 19-31-38.png",,,
"11/18/2017 19:56:07",5526,"11/18/2017 19:56:14",647985,"11/18/2017 20:07:02","D:\code\cc-script_0.0.5\rp1.3.labs.11-18-2017 19-55-55.png",,,
"11/18/2017 20:14:21",2151,"11/18/2017 20:14:25",615591,"11/18/2017 20:24:41","D:\code\cc-script_0.0.5\rp1.3.labs.11-18-2017 20-14-10.png","Request timed out: LTVH","NotAvailable.png",
"11/18/2017 20:31:51",2916,"11/18/2017 20:31:56",10781,"11/18/2017 20:32:07","D:\code\cc-script_0.0.5\rp1.3.labs.11-18-2017 20-31-41.png",,,
"11/18/2017 20:39:11",1563,"11/18/2017 20:39:15",45911,"11/18/2017 20:40:00","D:\code\cc-script_0.0.5\rp1.3.labs.11-18-2017 20-39-00.png",,,
"11/18/2017 20:47:20",2519,"11/18/2017 20:47:25",8401,"11/18/2017 20:47:33","D:\code\cc-script_0.0.5\rp1.3.labs.11-18-2017 20-47-10.png",,,
"11/18/2017 20:54:40",1485,"11/18/2017 20:54:44",10855,"11/18/2017 20:54:55","D:\code\cc-script_0.0.5\rp1.3.labs.11-18-2017 20-54-29.png",,,
"11/18/2017 21:02:06",5450,"11/18/2017 21:02:14",10751,"11/18/2017 21:02:25","D:\code\cc-script_0.0.5\rp1.3.labs.11-18-2017 21-01-55.png",,,
"11/18/2017 21:09:49",1961,"11/18/2017 21:09:53",46400,"11/18/2017 21:10:40","D:\code\cc-script_0.0.5\rp1.3.labs.11-18-2017 21-09-24.png",,,
"11/18/2017 21:17:57",1657,"11/18/2017 21:18:01",7845,"11/18/2017 21:18:08","D:\code\cc-script_0.0.5\rp1.3.labs.11-18-2017 21-17-47.png",,,
"11/18/2017 21:25:13",1484,"11/18/2017 21:25:17",7474,"11/18/2017 21:25:24","D:\code\cc-script_0.0.5\rp1.3.labs.11-18-2017 21-25-03.png",,,
"11/18/2017 21:32:42",2697,"11/18/2017 21:32:46",653163,"11/18/2017 21:43:40","D:\code\cc-script_0.0.5\rp1.3.labs.11-18-2017 21-32-31.png",,,
"11/18/2017 21:50:57",1712,"11/18/2017 21:51:01",608447,"11/18/2017 22:01:10","D:\code\cc-script_0.0.5\rp1.3.labs.11-18-2017 21-50-46.png","Request timed out: LTVH","NotAvailable.png",
"11/18/2017 22:08:20",2949,"11/18/2017 22:08:25",9965,"11/18/2017 22:08:35","D:\code\cc-script_0.0.5\rp1.3.labs.11-18-2017 22-08-10.png",,,
"11/18/2017 22:15:44",1548,"11/18/2017 22:15:47",44240,"11/18/2017 22:16:31","D:\code\cc-script_0.0.5\rp1.3.labs.11-18-2017 22-15-33.png",,,
"11/18/2017 22:23:50",1749,"11/18/2017 22:23:54",7736,"11/18/2017 22:24:02","D:\code\cc-script_0.0.5\rp1.3.labs.11-18-2017 22-23-40.png",,,
"11/18/2017 22:31:10",1460,"11/18/2017 22:31:13",7771,"11/18/2017 22:31:21","D:\code\cc-script_0.0.5\rp1.3.labs.11-18-2017 22-30-59.png",,,
"11/18/2017 22:38:33",2772,"11/18/2017 22:38:38",11790,"11/18/2017 22:38:49","D:\code\cc-script_0.0.5\rp1.3.labs.11-18-2017 22-38-22.png",,,
"11/18/2017 22:46:08",1694,"11/18/2017 22:46:12",13648,"11/18/2017 22:46:26","D:\code\cc-script_0.0.5\rp1.3.labs.11-18-2017 22-45-46.png",,,
"11/18/2017 22:53:38",1511,"11/18/2017 22:53:42",22399,"11/18/2017 22:54:04","D:\code\cc-script_0.0.5\rp1.3.labs.11-18-2017 22-53-27.png",,,
"11/18/2017 23:01:19",1624,"11/18/2017 23:01:23",9674,"11/18/2017 23:01:32","D:\code\cc-script_0.0.5\rp1.3.labs.11-18-2017 23-01-08.png",,,
"11/18/2017 23:08:46",2540,"11/18/2017 23:08:50",617916,"11/18/2017 23:19:08","D:\code\cc-script_0.0.5\rp1.3.labs.11-18-2017 23-08-33.png","Request timed out: LTVH","NotAvailable.png",
"11/18/2017 23:26:18",2091,"11/18/2017 23:26:22",24511,"11/18/2017 23:26:46","D:\code\cc-script_0.0.5\rp1.3.labs.11-18-2017 23-26-08.png",,,
"11/18/2017 23:34:02",1546,"11/18/2017 23:34:06",9393,"11/18/2017 23:34:15","D:\code\cc-script_0.0.5\rp1.3.labs.11-18-2017 23-33-52.png",,,
"11/18/2017 23:41:34",2503,"11/18/2017 23:41:39",9958,"11/18/2017 23:41:49","D:\code\cc-script_0.0.5\rp1.3.labs.11-18-2017 23-41-24.png",,,
"11/18/2017 23:48:54",1499,"11/18/2017 23:48:57",8585,"11/18/2017 23:49:06","D:\code\cc-script_0.0.5\rp1.3.labs.11-18-2017 23-48-43.png",,,
"11/18/2017 23:56:19",2316,"11/18/2017 23:56:23",8216,"11/18/2017 23:56:31","D:\code\cc-script_0.0.5\rp1.3.labs.11-18-2017 23-56-05.png",,,
"11/19/2017 00:03:45",1494,"11/19/2017 00:03:48",644662,"11/19/2017 00:14:33","D:\code\cc-script_0.0.5\rp1.3.labs.11-19-2017 00-03-34.png",,,
"11/19/2017 00:21:49",3085,"11/19/2017 00:21:54",612099,"11/19/2017 00:32:06","D:\code\cc-script_0.0.5\rp1.3.labs.11-19-2017 00-21-39.png","Request timed out: LTVH","NotAvailable.png",
"11/19/2017 00:39:25",1608,"11/19/2017 00:39:29",644754,"11/19/2017 00:50:13","D:\code\cc-script_0.0.5\rp1.3.labs.11-19-2017 00-39-14.png",,,
"11/19/2017 00:57:31",2843,"11/19/2017 00:57:36",17550,"11/19/2017 00:57:53","D:\code\cc-script_0.0.5\rp1.3.labs.11-19-2017 00-57-20.png",,,
"11/19/2017 01:05:07",1858,"11/19/2017 01:05:11",610333,"11/19/2017 01:15:21","D:\code\cc-script_0.0.5\rp1.3.labs.11-19-2017 01-04-56.png","Request timed out: LTVH","NotAvailable.png",
"11/19/2017 01:22:38",1827,"11/19/2017 01:22:41",35114,"11/19/2017 01:23:16","D:\code\cc-script_0.0.5\rp1.3.labs.11-19-2017 01-22-27.png",,,
"11/19/2017 01:30:35",3614,"11/19/2017 01:30:41",15016,"11/19/2017 01:30:56","D:\code\cc-script_0.0.5\rp1.3.labs.11-19-2017 01-30-25.png",,,
"11/19/2017 01:38:13",1771,"11/19/2017 01:38:17",10316,"11/19/2017 01:38:27","D:\code\cc-script_0.0.5\rp1.3.labs.11-19-2017 01-38-02.png",,,
"11/19/2017 01:45:40",1459,"11/19/2017 01:45:44",7883,"11/19/2017 01:45:51","D:\code\cc-script_0.0.5\rp1.3.labs.11-19-2017 01-45-29.png",,,
"11/19/2017 01:53:08",1677,"11/19/2017 01:53:12",28865,"11/19/2017 01:53:41","D:\code\cc-script_0.0.5\rp1.3.labs.11-19-2017 01-52-57.png",,,
"11/19/2017 02:01:00",5472,"11/19/2017 02:01:07",611688,"11/19/2017 02:11:19","D:\code\cc-script_0.0.5\rp1.3.labs.11-19-2017 02-00-49.png","Request timed out: LTVH","NotAvailable.png",
"11/19/2017 02:18:39",1696,"11/19/2017 02:18:43",7726,"11/19/2017 02:18:50","D:\code\cc-script_0.0.5\rp1.3.labs.11-19-2017 02-18-28.png",,,
"11/19/2017 02:26:01",1575,"11/19/2017 02:26:05",45070,"11/19/2017 02:26:50","D:\code\cc-script_0.0.5\rp1.3.labs.11-19-2017 02-25-50.png",,,
"11/19/2017 02:34:13",2987,"11/19/2017 02:34:18",10173,"11/19/2017 02:34:28","D:\code\cc-script_0.0.5\rp1.3.labs.11-19-2017 02-34-02.png",,,
"11/19/2017 02:41:33",1630,"11/19/2017 02:41:37",7412,"11/19/2017 02:41:44","D:\code\cc-script_0.0.5\rp1.3.labs.11-19-2017 02-41-23.png",,,
"11/19/2017 02:48:59",1660,"11/19/2017 02:49:02",14800,"11/19/2017 02:49:17","D:\code\cc-script_0.0.5\rp1.3.labs.11-19-2017 02-48-48.png",,,
"11/19/2017 02:56:42",1448,"11/19/2017 02:56:45",39026,"11/19/2017 02:57:24","D:\code\cc-script_0.0.5\rp1.3.labs.11-19-2017 02-56-30.png",,,
"11/19/2017 03:04:51",3431,"11/19/2017 03:04:56",611365,"11/19/2017 03:15:08","D:\code\cc-script_0.0.5\rp1.3.labs.11-19-2017 03-04-38.png","Request timed out: LTVH","NotAvailable.png",
"11/19/2017 03:22:43",1838,"11/19/2017 03:22:47",8671,"11/19/2017 03:22:55","D:\code\cc-script_0.0.5\rp1.3.labs.11-19-2017 03-22-32.png",,,
"11/19/2017 03:30:01",1589,"11/19/2017 03:30:05",44739,"11/19/2017 03:30:49","D:\code\cc-script_0.0.5\rp1.3.labs.11-19-2017 03-29-50.png",,,
"11/19/2017 03:38:11",5551,"11/19/2017 03:38:19",10803,"11/19/2017 03:38:29","D:\code\cc-script_0.0.5\rp1.3.labs.11-19-2017 03-38-00.png",,,
"11/19/2017 03:45:41",1469,"11/19/2017 03:45:44",6735,"11/19/2017 03:45:51","D:\code\cc-script_0.0.5\rp1.3.labs.11-19-2017 03-45-30.png",,,
"11/19/2017 03:53:04",1783,"11/19/2017 03:53:08",7258,"11/19/2017 03:53:15","D:\code\cc-script_0.0.5\rp1.3.labs.11-19-2017 03-52-53.png",,,
"11/19/2017 04:00:30",1606,"11/19/2017 04:00:33",14265,"11/19/2017 04:00:48","D:\code\cc-script_0.0.5\rp1.3.labs.11-19-2017 04-00-19.png",,,
"11/19/2017 04:07:58",1877,"11/19/2017 04:08:02",23084,"11/19/2017 04:08:25","D:\code\cc-script_0.0.5\rp1.3.labs.11-19-2017 04-07-47.png",,,
"11/19/2017 04:15:51",3339,"11/19/2017 04:15:57",611666,"11/19/2017 04:26:08","D:\code\cc-script_0.0.5\rp1.3.labs.11-19-2017 04-15-40.png","Request timed out: LTVH","NotAvailable.png",
"11/19/2017 04:33:20",1662,"11/19/2017 04:33:23",644543,"11/19/2017 04:44:08","D:\code\cc-script_0.0.5\rp1.3.labs.11-19-2017 04-33-09.png",,,
"11/19/2017 04:51:27",2773,"11/19/2017 04:51:31",9890,"11/19/2017 04:51:41","D:\code\cc-script_0.0.5\rp1.3.labs.11-19-2017 04-51-16.png",,,
"11/19/2017 04:58:51",1645,"11/19/2017 04:58:55",7640,"11/19/2017 04:59:03","D:\code\cc-script_0.0.5\rp1.3.labs.11-19-2017 04-58-41.png",,,
"11/19/2017 05:06:15",1604,"11/19/2017 05:06:19",8087,"11/19/2017 05:06:27","D:\code\cc-script_0.0.5\rp1.3.labs.11-19-2017 05-06-05.png",,,
"11/19/2017 05:13:35",1560,"11/19/2017 05:13:39",629647,"11/19/2017 05:24:08","D:\code\cc-script_0.0.5\rp1.3.labs.11-19-2017 05-13-24.png","Request timed out: LTVH","NotAvailable.png",
"11/19/2017 05:31:28",3817,"11/19/2017 05:31:33",11474,"11/19/2017 05:31:45","D:\code\cc-script_0.0.5\rp1.3.labs.11-19-2017 05-31-17.png",,,
"11/19/2017 05:38:55",1575,"11/19/2017 05:38:58",609177,"11/19/2017 05:49:07","D:\code\cc-script_0.0.5\rp1.3.labs.11-19-2017 05-38-44.png","Request timed out: LTVH","NotAvailable.png",
"11/19/2017 05:56:30",4419,"11/19/2017 05:56:36",634870,"11/19/2017 06:07:11","D:\code\cc-script_0.0.5\rp1.3.labs.11-19-2017 05-56-12.png","Request timed out: LTVH","NotAvailable.png",
"11/19/2017 06:14:43",2839,"11/19/2017 06:14:47",611137,"11/19/2017 06:24:58","D:\code\cc-script_0.0.5\rp1.3.labs.11-19-2017 06-14-32.png","Request timed out: LTVH","NotAvailable.png",
"11/19/2017 06:32:14",4610,"11/19/2017 06:32:21",6957,"11/19/2017 06:32:28","D:\code\cc-script_0.0.5\rp1.3.labs.11-19-2017 06-32-03.png",,,
"11/19/2017 06:39:33",1580,"11/19/2017 06:39:36",631837,"11/19/2017 06:50:08","D:\code\cc-script_0.0.5\rp1.3.labs.11-19-2017 06-39-21.png","Request timed out: LTVH","NotAvailable.png",
"11/19/2017 06:57:33",7345,"11/19/2017 06:57:43",17690,"11/19/2017 06:58:00","D:\code\cc-script_0.0.5\rp1.3.labs.11-19-2017 06-57-17.png",,,
"11/19/2017 07:05:14",1804,"11/19/2017 07:05:18",608986,"11/19/2017 07:15:27","D:\code\cc-script_0.0.5\rp1.3.labs.11-19-2017 07-05-03.png","Request timed out: LTVH","NotAvailable.png",
"11/19/2017 07:22:48",1747,"11/19/2017 07:22:52",28068,"11/19/2017 07:23:20","D:\code\cc-script_0.0.5\rp1.3.labs.11-19-2017 07-22-37.png",,,
"11/19/2017 07:30:32",2749,"11/19/2017 07:30:37",9788,"11/19/2017 07:30:47","D:\code\cc-script_0.0.5\rp1.3.labs.11-19-2017 07-30-22.png",,,
"11/19/2017 07:37:57",1613,"11/19/2017 07:38:01",8492,"11/19/2017 07:38:09","D:\code\cc-script_0.0.5\rp1.3.labs.11-19-2017 07-37-47.png",,,
"11/19/2017 07:45:15",6075,"11/19/2017 07:45:23",7548,"11/19/2017 07:45:30","D:\code\cc-script_0.0.5\rp1.3.labs.11-19-2017 07-45-04.png",,,
"11/19/2017 07:52:50",2643,"11/19/2017 07:52:54",8005,"11/19/2017 07:53:02","D:\code\cc-script_0.0.5\rp1.3.labs.11-19-2017 07-52-39.png",,,
"11/19/2017 08:00:08",1551,"11/19/2017 08:00:12",41152,"11/19/2017 08:00:53","D:\code\cc-script_0.0.5\rp1.3.labs.11-19-2017 07-59-57.png",,,
"11/19/2017 08:08:26",2672,"11/19/2017 08:08:31",10682,"11/19/2017 08:08:41","D:\code\cc-script_0.0.5\rp1.3.labs.11-19-2017 08-08-15.png",,,
"11/19/2017 08:15:49",1468,"11/19/2017 08:15:53",8194,"11/19/2017 08:16:01","D:\code\cc-script_0.0.5\rp1.3.labs.11-19-2017 08-15-39.png",,,
"11/19/2017 08:23:13",2982,"11/19/2017 08:23:18",6875,"11/19/2017 08:23:25","D:\code\cc-script_0.0.5\rp1.3.labs.11-19-2017 08-23-01.png",,,
"11/19/2017 08:30:30",1630,"11/19/2017 08:30:33",7208,"11/19/2017 08:30:41","D:\code\cc-script_0.0.5\rp1.3.labs.11-19-2017 08-30-19.png",,,
"11/19/2017 08:37:52",1615,"11/19/2017 08:37:56",28574,"11/19/2017 08:38:24","D:\code\cc-script_0.0.5\rp1.3.labs.11-19-2017 08-37-41.png",,,
"11/19/2017 08:45:39",2850,"11/19/2017 08:45:44",12118,"11/19/2017 08:45:56","D:\code\cc-script_0.0.5\rp1.3.labs.11-19-2017 08-45-28.png",,,
"11/19/2017 08:53:06",2162,"11/19/2017 08:53:10",7960,"11/19/2017 08:53:18","D:\code\cc-script_0.0.5\rp1.3.labs.11-19-2017 08-52-56.png",,,
"11/19/2017 09:00:26",1493,"11/19/2017 09:00:29",8806,"11/19/2017 09:00:38","D:\code\cc-script_0.0.5\rp1.3.labs.11-19-2017 09-00-16.png",,,
"11/19/2017 09:07:48",1605,"11/19/2017 09:07:52",9008,"11/19/2017 09:08:01","D:\code\cc-script_0.0.5\rp1.3.labs.11-19-2017 09-07-38.png",,,
"11/19/2017 09:15:08",1513,"11/19/2017 09:15:11",41133,"11/19/2017 09:15:53","D:\code\cc-script_0.0.5\rp1.3.labs.11-19-2017 09-14-57.png",,,
"11/19/2017 09:23:10",5868,"11/19/2017 09:23:17",611918,"11/19/2017 09:33:29","D:\code\cc-script_0.0.5\rp1.3.labs.11-19-2017 09-22-59.png","Request timed out: LTVH","NotAvailable.png",
"11/19/2017 09:40:41",2846,"11/19/2017 09:40:46",8913,"11/19/2017 09:40:55","D:\code\cc-script_0.0.5\rp1.3.labs.11-19-2017 09-40-30.png",,,
"11/19/2017 09:48:00",1611,"11/19/2017 09:48:04",43713,"11/19/2017 09:48:48","D:\code\cc-script_0.0.5\rp1.3.labs.11-19-2017 09-47-49.png",,,
"11/19/2017 09:56:10",2584,"11/19/2017 09:56:14",10239,"11/19/2017 09:56:24","D:\code\cc-script_0.0.5\rp1.3.labs.11-19-2017 09-55-59.png",,,
"11/19/2017 10:03:29",1558,"11/19/2017 10:03:33",9613,"11/19/2017 10:03:42","D:\code\cc-script_0.0.5\rp1.3.labs.11-19-2017 10-03-19.png",,,
"11/19/2017 10:10:54",1664,"11/19/2017 10:10:58",8740,"11/19/2017 10:11:06","D:\code\cc-script_0.0.5\rp1.3.labs.11-19-2017 10-10-43.png",,,
"11/19/2017 10:18:18",1464,"11/19/2017 10:18:21",633074,"11/19/2017 10:28:54","D:\code\cc-script_0.0.5\rp1.3.labs.11-19-2017 10-18-06.png","Request timed out: LTVH","NotAvailable.png",
"11/19/2017 10:36:11",2506,"11/19/2017 10:36:16",10837,"11/19/2017 10:36:27","D:\code\cc-script_0.0.5\rp1.3.labs.11-19-2017 10-36-00.png",,,
"11/19/2017 10:43:32",1590,"11/19/2017 10:43:36",8330,"11/19/2017 10:43:44","D:\code\cc-script_0.0.5\rp1.3.labs.11-19-2017 10-43-22.png",,,
"11/19/2017 10:50:59",2105,"11/19/2017 10:51:03",639312,"11/19/2017 11:01:42","D:\code\cc-script_0.0.5\rp1.3.labs.11-19-2017 10-50-48.png","Request timed out: LTVH","NotAvailable.png",
"11/19/2017 11:09:01",5667,"11/19/2017 11:09:09",10040,"11/19/2017 11:09:19","D:\code\cc-script_0.0.5\rp1.3.labs.11-19-2017 11-08-51.png",,,
"11/19/2017 11:16:25",1501,"11/19/2017 11:16:28",9082,"11/19/2017 11:16:37","D:\code\cc-script_0.0.5\rp1.3.labs.11-19-2017 11-16-14.png",,,
"11/19/2017 11:23:48",2114,"11/19/2017 11:23:52",639799,"11/19/2017 11:34:32","D:\code\cc-script_0.0.5\rp1.3.labs.11-19-2017 11-23-37.png","Request timed out: LTVH","NotAvailable.png",
"11/19/2017 11:41:51",2579,"11/19/2017 11:41:56",10317,"11/19/2017 11:42:06","D:\code\cc-script_0.0.5\rp1.3.labs.11-19-2017 11-41-41.png",,,
"11/19/2017 11:49:18",1504,"11/19/2017 11:49:21",608053,"11/19/2017 11:59:29","D:\code\cc-script_0.0.5\rp1.3.labs.11-19-2017 11-49-07.png","Request timed out: LTVH","NotAvailable.png",
"11/19/2017 12:06:40",1596,"11/19/2017 12:06:43",25971,"11/19/2017 12:07:09","D:\code\cc-script_0.0.5\rp1.3.labs.11-19-2017 12-06-29.png",,,
"11/19/2017 12:14:26",2577,"11/19/2017 12:14:31",11560,"11/19/2017 12:14:42","D:\code\cc-script_0.0.5\rp1.3.labs.11-19-2017 12-14-16.png",,,
"11/19/2017 12:21:54",1629,"11/19/2017 12:21:58",8367,"11/19/2017 12:22:06","D:\code\cc-script_0.0.5\rp1.3.labs.11-19-2017 12-21-43.png",,,
"11/19/2017 12:29:11",1460,"11/19/2017 12:29:15",7533,"11/19/2017 12:29:22","D:\code\cc-script_0.0.5\rp1.3.labs.11-19-2017 12-29-01.png",,,
"11/19/2017 12:36:38",1861,"11/19/2017 12:36:42",632190,"11/19/2017 12:47:14","D:\code\cc-script_0.0.5\rp1.3.labs.11-19-2017 12-36-26.png","Request timed out: LTVH","NotAvailable.png",
"11/19/2017 12:54:36",3587,"11/19/2017 12:54:42",14089,"11/19/2017 12:54:56","D:\code\cc-script_0.0.5\rp1.3.labs.11-19-2017 12-54-25.png",,,
"11/19/2017 13:02:07",1525,"11/19/2017 13:02:10",608075,"11/19/2017 13:12:18","D:\code\cc-script_0.0.5\rp1.3.labs.11-19-2017 13-01-52.png","Request timed out: LTVH","NotAvailable.png",
"11/19/2017 13:19:30",2691,"11/19/2017 13:19:35",37010,"11/19/2017 13:20:12","D:\code\cc-script_0.0.5\rp1.3.labs.11-19-2017 13-19-20.png",,,
"11/19/2017 13:27:28",6642,"11/19/2017 13:27:37",611704,"11/19/2017 13:37:49","D:\code\cc-script_0.0.5\rp1.3.labs.11-19-2017 13-27-18.png","Request timed out: LTVH","NotAvailable.png",
"11/19/2017 13:45:00",1954,"11/19/2017 13:45:04",8192,"11/19/2017 13:45:12","D:\code\cc-script_0.0.5\rp1.3.labs.11-19-2017 13-44-48.png",,,
"11/19/2017 13:52:17",1510,"11/19/2017 13:52:21",34702,"11/19/2017 13:52:56","D:\code\cc-script_0.0.5\rp1.3.labs.11-19-2017 13-52-06.png",,,
"11/19/2017 14:00:14",5528,"11/19/2017 14:00:22",611673,"11/19/2017 14:10:33","D:\code\cc-script_0.0.5\rp1.3.labs.11-19-2017 14-00-03.png","Request timed out: LTVH","NotAvailable.png",
"11/19/2017 14:19:45",121451,"11/19/2017 14:21:48",10624,"11/19/2017 14:21:59","D:\code\cc-script_0.0.5\rp1.3.labs.11-19-2017 14-19-35.png",,,
"11/19/2017 14:31:16",29461,"11/19/2017 14:31:47",611302,"11/19/2017 14:41:58","D:\code\cc-script_0.0.5\rp1.3.labs.11-19-2017 14-31-05.png","Request timed out: LTVH","NotAvailable.png",
"11/19/2017 14:49:18",1772,"11/19/2017 14:49:21",495283,"11/19/2017 14:57:37","D:\code\cc-script_0.0.5\rp1.3.labs.11-19-2017 14-49-07.png",,,
"11/19/2017 15:04:56",2508,"11/19/2017 15:05:01",10110,"11/19/2017 15:05:11","D:\code\cc-script_0.0.5\rp1.3.labs.11-19-2017 15-04-45.png",,,
"11/19/2017 15:12:17",5648,"11/19/2017 15:12:25",609874,"11/19/2017 15:22:34","D:\code\cc-script_0.0.5\rp1.3.labs.11-19-2017 15-12-07.png","Request timed out: LTVH","NotAvailable.png",
"11/19/2017 15:29:46",2044,"11/19/2017 15:29:50",549254,"11/19/2017 15:38:59","D:\code\cc-script_0.0.5\rp1.3.labs.11-19-2017 15-29-35.png",,,
"11/19/2017 15:46:18",2481,"11/19/2017 15:46:22",11581,"11/19/2017 15:46:34","D:\code\cc-script_0.0.5\rp1.3.labs.11-19-2017 15-46-07.png",,,
"11/19/2017 15:53:38",1461,"11/19/2017 15:53:42",8425,"11/19/2017 15:53:50","D:\code\cc-script_0.0.5\rp1.3.labs.11-19-2017 15-53-28.png",,,
"11/19/2017 16:01:03",1705,"11/19/2017 16:01:07",7656,"11/19/2017 16:01:15","D:\code\cc-script_0.0.5\rp1.3.labs.11-19-2017 16-00-53.png",,,
"11/19/2017 16:08:21",1524,"11/19/2017 16:08:24",616369,"11/19/2017 16:18:41","D:\code\cc-script_0.0.5\rp1.3.labs.11-19-2017 16-08-10.png","Request timed out: LTVH","NotAvailable.png",
"11/19/2017 16:26:03",3075,"11/19/2017 16:26:08",616352,"11/19/2017 16:36:25","D:\code\cc-script_0.0.5\rp1.3.labs.11-19-2017 16-25-52.png","Request timed out: LTVH","NotAvailable.png",
"11/19/2017 16:43:36",1602,"11/19/2017 16:43:39",8003,"11/19/2017 16:43:47","D:\code\cc-script_0.0.5\rp1.3.labs.11-19-2017 16-43-25.png",,,
"11/19/2017 16:50:53",1487,"11/19/2017 16:50:57",18429,"11/19/2017 16:51:15","D:\code\cc-script_0.0.5\rp1.3.labs.11-19-2017 16-50-43.png",,,
"11/19/2017 16:58:36",2723,"11/19/2017 16:58:41",10395,"11/19/2017 16:58:51","D:\code\cc-script_0.0.5\rp1.3.labs.11-19-2017 16-58-25.png",,,
"11/19/2017 17:05:57",1488,"11/19/2017 17:06:01",7978,"11/19/2017 17:06:09","D:\code\cc-script_0.0.5\rp1.3.labs.11-19-2017 17-05-47.png",,,
"11/19/2017 17:13:20",1656,"11/19/2017 17:13:24",9773,"11/19/2017 17:13:33","D:\code\cc-script_0.0.5\rp1.3.labs.11-19-2017 17-13-09.png",,,
"11/19/2017 17:20:44",1561,"11/19/2017 17:20:47",617250,"11/19/2017 17:31:05","D:\code\cc-script_0.0.5\rp1.3.labs.11-19-2017 17-20-33.png","Request timed out: LTVH","NotAvailable.png",
"11/19/2017 17:38:24",2575,"11/19/2017 17:38:29",612778,"11/19/2017 17:48:42","D:\code\cc-script_0.0.5\rp1.3.labs.11-19-2017 17-38-13.png","Request timed out: LTVH","NotAvailable.png",
"11/19/2017 17:56:00",1813,"11/19/2017 17:56:04",7853,"11/19/2017 17:56:12","D:\code\cc-script_0.0.5\rp1.3.labs.11-19-2017 17-55-49.png",,,
"11/19/2017 18:03:17",1533,"11/19/2017 18:03:21",20365,"11/19/2017 18:03:41","D:\code\cc-script_0.0.5\rp1.3.labs.11-19-2017 18-03-06.png",,,
"11/19/2017 18:11:02",2757,"11/19/2017 18:11:07",10060,"11/19/2017 18:11:17","D:\code\cc-script_0.0.5\rp1.3.labs.11-19-2017 18-10-51.png",,,
"11/19/2017 18:18:32",1594,"11/19/2017 18:18:36",8379,"11/19/2017 18:18:44","D:\code\cc-script_0.0.5\rp1.3.labs.11-19-2017 18-18-22.png",,,
"11/19/2017 18:25:57",1613,"11/19/2017 18:26:01",7919,"11/19/2017 18:26:09","D:\code\cc-script_0.0.5\rp1.3.labs.11-19-2017 18-25-47.png",,,
"11/19/2017 18:33:25",1648,"11/19/2017 18:33:28",616071,"11/19/2017 18:43:44","D:\code\cc-script_0.0.5\rp1.3.labs.11-19-2017 18-33-04.png","Request timed out: LTVH","NotAvailable.png",
"11/19/2017 18:51:11",5373,"11/19/2017 18:51:19",12591,"11/19/2017 18:51:31","D:\code\cc-script_0.0.5\rp1.3.labs.11-19-2017 18-50-55.png",,,
"11/19/2017 18:58:37",1863,"11/19/2017 18:58:41",608169,"11/19/2017 19:08:49","D:\code\cc-script_0.0.5\rp1.3.labs.11-19-2017 18-58-27.png","Request timed out: LTVH","NotAvailable.png",
"11/19/2017 19:16:08",2365,"11/19/2017 19:16:12",639141,"11/19/2017 19:26:51","D:\code\cc-script_0.0.5\rp1.3.labs.11-19-2017 19-15-56.png","Request timed out: LTVH","NotAvailable.png",
"11/19/2017 19:34:15",2722,"11/19/2017 19:34:20",10138,"11/19/2017 19:34:30","D:\code\cc-script_0.0.5\rp1.3.labs.11-19-2017 19-34-04.png",,,
"11/19/2017 19:41:36",1560,"11/19/2017 19:41:39",608389,"11/19/2017 19:51:48","D:\code\cc-script_0.0.5\rp1.3.labs.11-19-2017 19-41-25.png","Request timed out: LTVH","NotAvailable.png",
"11/19/2017 19:58:58",1638,"11/19/2017 19:59:01",28626,"11/19/2017 19:59:30","D:\code\cc-script_0.0.5\rp1.3.labs.11-19-2017 19-58-47.png",,,
"11/19/2017 20:06:42",2549,"11/19/2017 20:06:47",610799,"11/19/2017 20:16:58","D:\code\cc-script_0.0.5\rp1.3.labs.11-19-2017 20-06-31.png","Request timed out: LTVH","NotAvailable.png",
"11/19/2017 20:24:14",1662,"11/19/2017 20:24:17",7291,"11/19/2017 20:24:25","D:\code\cc-script_0.0.5\rp1.3.labs.11-19-2017 20-24-02.png",,,
"11/19/2017 20:31:30",1612,"11/19/2017 20:31:33",29686,"11/19/2017 20:32:03","D:\code\cc-script_0.0.5\rp1.3.labs.11-19-2017 20-31-19.png",,,
"11/19/2017 20:39:23",2767,"11/19/2017 20:39:28",12361,"11/19/2017 20:39:40","D:\code\cc-script_0.0.5\rp1.3.labs.11-19-2017 20-39-13.png",,,
"11/19/2017 20:46:50",1518,"11/19/2017 20:46:54",8434,"11/19/2017 20:47:02","D:\code\cc-script_0.0.5\rp1.3.labs.11-19-2017 20-46-40.png",,,
"11/19/2017 20:54:20",1715,"11/19/2017 20:54:24",633740,"11/19/2017 21:04:58","D:\code\cc-script_0.0.5\rp1.3.labs.11-19-2017 20-54-09.png","Request timed out: LTVH","NotAvailable.png",
"11/19/2017 21:12:15",2884,"11/19/2017 21:12:20",611448,"11/19/2017 21:22:31","D:\code\cc-script_0.0.5\rp1.3.labs.11-19-2017 21-12-04.png","Request timed out: LTVH","NotAvailable.png",
"11/19/2017 21:29:46",1610,"11/19/2017 21:29:50",7628,"11/19/2017 21:29:58","D:\code\cc-script_0.0.5\rp1.3.labs.11-19-2017 21-29-36.png",,,
"11/19/2017 21:37:04",1481,"11/19/2017 21:37:08",46280,"11/19/2017 21:37:54","D:\code\cc-script_0.0.5\rp1.3.labs.11-19-2017 21-36-54.png",,,
"11/19/2017 21:45:13",2900,"11/19/2017 21:45:18",9971,"11/19/2017 21:45:28","D:\code\cc-script_0.0.5\rp1.3.labs.11-19-2017 21-45-02.png",,,
"11/19/2017 21:52:46",1586,"11/19/2017 21:52:50",609170,"11/19/2017 22:02:59","D:\code\cc-script_0.0.5\rp1.3.labs.11-19-2017 21-52-33.png","Request timed out: LTVH","NotAvailable.png",
"11/19/2017 22:10:10",2109,"11/19/2017 22:10:14",36289,"11/19/2017 22:10:50","D:\code\cc-script_0.0.5\rp1.3.labs.11-19-2017 22-09-59.png",,,
"11/19/2017 22:18:12",2757,"11/19/2017 22:18:17",10433,"11/19/2017 22:18:28","D:\code\cc-script_0.0.5\rp1.3.labs.11-19-2017 22-18-02.png",,,
"11/19/2017 22:26:23",41027,"11/19/2017 22:27:06",7904,"11/19/2017 22:27:14","D:\code\cc-script_0.0.5\rp1.3.labs.11-19-2017 22-26-12.png",,,
"11/19/2017 22:34:59",25259,"11/19/2017 22:35:26",642258,"11/19/2017 22:46:09","D:\code\cc-script_0.0.5\rp1.3.labs.11-19-2017 22-34-48.png","Request timed out: LTVH","NotAvailable.png",
"11/19/2017 22:53:59",26932,"11/19/2017 22:54:28",10843,"11/19/2017 22:54:39","D:\code\cc-script_0.0.5\rp1.3.labs.11-19-2017 22-53-41.png",,,
"11/19/2017 23:01:47",2486,"11/19/2017 23:01:52",609072,"11/19/2017 23:12:01","D:\code\cc-script_0.0.5\rp1.3.labs.11-19-2017 23-01-36.png","Request timed out: LTVH","NotAvailable.png",
"11/19/2017 23:19:25",1991,"11/19/2017 23:19:29",39970,"11/19/2017 23:20:09","D:\code\cc-script_0.0.5\rp1.3.labs.11-19-2017 23-19-13.png",,,
"11/19/2017 23:27:21",5648,"11/19/2017 23:27:29",618460,"11/19/2017 23:37:47","D:\code\cc-script_0.0.5\rp1.3.labs.11-19-2017 23-27-11.png","Request timed out: LTVH","NotAvailable.png",
"11/19/2017 23:45:02",1923,"11/19/2017 23:45:06",8439,"11/19/2017 23:45:15","D:\code\cc-script_0.0.5\rp1.3.labs.11-19-2017 23-44-52.png",,,
"11/19/2017 23:52:21",1731,"11/19/2017 23:52:24",632870,"11/20/2017 00:02:57","D:\code\cc-script_0.0.5\rp1.3.labs.11-19-2017 23-52-09.png","Request timed out: LTVH","NotAvailable.png",
"11/20/2017 00:10:18",3227,"11/20/2017 00:10:23",612360,"11/20/2017 00:20:35","D:\code\cc-script_0.0.5\rp1.3.labs.11-20-2017 00-10-07.png","Request timed out: LTVH","NotAvailable.png",
"11/20/2017 00:27:54",1647,"11/20/2017 00:27:57",9811,"11/20/2017 00:28:07","D:\code\cc-script_0.0.5\rp1.3.labs.11-20-2017 00-27-43.png",,,
"11/20/2017 00:35:16",1467,"11/20/2017 00:35:20",633443,"11/20/2017 00:45:53","D:\code\cc-script_0.0.5\rp1.3.labs.11-20-2017 00-35-06.png","Request timed out: LTVH","NotAvailable.png",
"11/20/2017 00:53:19",2945,"11/20/2017 00:53:24",10774,"11/20/2017 00:53:35","D:\code\cc-script_0.0.5\rp1.3.labs.11-20-2017 00-53-09.png",,,
"11/20/2017 01:00:45",1639,"11/20/2017 01:00:49",608997,"11/20/2017 01:10:58","D:\code\cc-script_0.0.5\rp1.3.labs.11-20-2017 01-00-34.png","Request timed out: LTVH","NotAvailable.png",
"11/20/2017 01:18:14",3702,"11/20/2017 01:18:19",633016,"11/20/2017 01:28:52","D:\code\cc-script_0.0.5\rp1.3.labs.11-20-2017 01-18-02.png","Request timed out: LTVH","NotAvailable.png",
"11/20/2017 01:36:14",2932,"11/20/2017 01:36:19",11247,"11/20/2017 01:36:30","D:\code\cc-script_0.0.5\rp1.3.labs.11-20-2017 01-36-04.png",,,
"11/20/2017 01:43:54",1442,"11/20/2017 01:43:58",611371,"11/20/2017 01:54:09","D:\code\cc-script_0.0.5\rp1.3.labs.11-20-2017 01-43-40.png","Request timed out: LTVH","NotAvailable.png",
"11/20/2017 02:01:27",1846,"11/20/2017 02:01:31",34431,"11/20/2017 02:02:05","D:\code\cc-script_0.0.5\rp1.3.labs.11-20-2017 02-01-16.png",,,
"11/20/2017 02:09:33",3068,"11/20/2017 02:09:38",612168,"11/20/2017 02:19:50","D:\code\cc-script_0.0.5\rp1.3.labs.11-20-2017 02-09-21.png","Request timed out: LTVH","NotAvailable.png",
"11/20/2017 02:27:02",1717,"11/20/2017 02:27:06",630206,"11/20/2017 02:37:36","D:\code\cc-script_0.0.5\rp1.3.labs.11-20-2017 02-26-52.png","Request timed out: LTVH","NotAvailable.png",
"11/20/2017 02:44:55",6086,"11/20/2017 02:45:03",10183,"11/20/2017 02:45:13","D:\code\cc-script_0.0.5\rp1.3.labs.11-20-2017 02-44-44.png",,,
"11/20/2017 02:52:22",1646,"11/20/2017 02:52:26",608269,"11/20/2017 03:02:34","D:\code\cc-script_0.0.5\rp1.3.labs.11-20-2017 02-52-11.png","Request timed out: LTVH","NotAvailable.png",
"11/20/2017 03:09:46",2146,"11/20/2017 03:09:51",35770,"11/20/2017 03:10:26","D:\code\cc-script_0.0.5\rp1.3.labs.11-20-2017 03-09-36.png",,,
"11/20/2017 03:17:43",2657,"11/20/2017 03:17:48",611560,"11/20/2017 03:27:59","D:\code\cc-script_0.0.5\rp1.3.labs.11-20-2017 03-17-32.png","Request timed out: LTVH","NotAvailable.png",
"11/20/2017 03:35:15",1771,"11/20/2017 03:35:19",7046,"11/20/2017 03:35:26","D:\code\cc-script_0.0.5\rp1.3.labs.11-20-2017 03-35-05.png",,,
"11/20/2017 03:42:39",1438,"11/20/2017 03:42:42",29038,"11/20/2017 03:43:11","D:\code\cc-script_0.0.5\rp1.3.labs.11-20-2017 03-42-28.png",,,
"11/20/2017 03:50:38",3249,"11/20/2017 03:50:44",10972,"11/20/2017 03:50:55","D:\code\cc-script_0.0.5\rp1.3.labs.11-20-2017 03-50-28.png",,,
"11/20/2017 03:58:05",1496,"11/20/2017 03:58:09",608958,"11/20/2017 04:08:18","D:\code\cc-script_0.0.5\rp1.3.labs.11-20-2017 03-57-54.png","Request timed out: LTVH","NotAvailable.png",
"11/20/2017 04:15:41",2031,"11/20/2017 04:15:45",40243,"11/20/2017 04:16:25","D:\code\cc-script_0.0.5\rp1.3.labs.11-20-2017 04-15-31.png",,,
"11/20/2017 04:23:42",5403,"11/20/2017 04:23:50",612770,"11/20/2017 04:34:03","D:\code\cc-script_0.0.5\rp1.3.labs.11-20-2017 04-23-31.png","Request timed out: LTVH","NotAvailable.png",
"11/20/2017 04:41:19",1583,"11/20/2017 04:41:23",8784,"11/20/2017 04:41:31","D:\code\cc-script_0.0.5\rp1.3.labs.11-20-2017 04-41-08.png",,,
"11/20/2017 04:49:02",2005,"11/20/2017 04:49:06",633516,"11/20/2017 04:59:40","D:\code\cc-script_0.0.5\rp1.3.labs.11-20-2017 04-48-49.png","Request timed out: LTVH","NotAvailable.png",
"11/20/2017 05:07:05",2905,"11/20/2017 05:07:10",10164,"11/20/2017 05:07:20","D:\code\cc-script_0.0.5\rp1.3.labs.11-20-2017 05-06-54.png",,,
"11/20/2017 05:14:24",1368,"11/20/2017 05:14:27",9167,"11/20/2017 05:14:36","D:\code\cc-script_0.0.5\rp1.3.labs.11-20-2017 05-14-13.png",,,
"11/20/2017 05:22:08",2075,"11/20/2017 05:22:12",633922,"11/20/2017 05:32:46","D:\code\cc-script_0.0.5\rp1.3.labs.11-20-2017 05-21-57.png","Request timed out: LTVH","NotAvailable.png",
"11/20/2017 05:40:03",2885,"11/20/2017 05:40:07",9836,"11/20/2017 05:40:17","D:\code\cc-script_0.0.5\rp1.3.labs.11-20-2017 05-39-52.png",,,
"11/20/2017 05:47:23",1492,"11/20/2017 05:47:26",16129,"11/20/2017 05:47:42","D:\code\cc-script_0.0.5\rp1.3.labs.11-20-2017 05-47-12.png",,,
"11/20/2017 05:55:09",2957,"11/20/2017 05:55:14",634398,"11/20/2017 06:05:49","D:\code\cc-script_0.0.5\rp1.3.labs.11-20-2017 05-54-59.png","Request timed out: LTVH","NotAvailable.png",
"11/20/2017 06:13:10",2868,"11/20/2017 06:13:15",10994,"11/20/2017 06:13:26","D:\code\cc-script_0.0.5\rp1.3.labs.11-20-2017 06-12-59.png",,,
"11/20/2017 06:20:35",1448,"11/20/2017 06:20:39",294052,"11/20/2017 06:25:33","D:\code\cc-script_0.0.5\rp1.3.labs.11-20-2017 06-20-24.png",,,
"11/20/2017 06:32:51",2127,"11/20/2017 06:32:55",8067,"11/20/2017 06:33:03","D:\code\cc-script_0.0.5\rp1.3.labs.11-20-2017 06-32-40.png",,,
"11/20/2017 06:40:07",1758,"11/20/2017 06:40:11",30200,"11/20/2017 06:40:41","D:\code\cc-script_0.0.5\rp1.3.labs.11-20-2017 06-39-57.png",,,
"11/20/2017 06:48:16",3331,"11/20/2017 06:48:21",11370,"11/20/2017 06:48:33","D:\code\cc-script_0.0.5\rp1.3.labs.11-20-2017 06-48-04.png",,,
"11/20/2017 06:55:43",1487,"11/20/2017 06:55:47",6879,"11/20/2017 06:55:54","D:\code\cc-script_0.0.5\rp1.3.labs.11-20-2017 06-55-33.png",,,
"11/20/2017 07:03:05",1783,"11/20/2017 07:03:09",7772,"11/20/2017 07:03:17","D:\code\cc-script_0.0.5\rp1.3.labs.11-20-2017 07-02-54.png",,,
"11/20/2017 07:10:25",1665,"11/20/2017 07:10:28",9226,"11/20/2017 07:10:38","D:\code\cc-script_0.0.5\rp1.3.labs.11-20-2017 07-10-11.png",,,
"11/20/2017 07:17:53",1673,"11/20/2017 07:17:56",643862,"11/20/2017 07:28:40","D:\code\cc-script_0.0.5\rp1.3.labs.11-20-2017 07-17-42.png",,,
"11/20/2017 07:36:04",5813,"11/20/2017 07:36:12",611193,"11/20/2017 07:46:23","D:\code\cc-script_0.0.5\rp1.3.labs.11-20-2017 07-35-53.png","Request timed out: LTVH","NotAvailable.png",
"11/20/2017 07:53:34",2040,"11/20/2017 07:53:38",7675,"11/20/2017 07:53:45","D:\code\cc-script_0.0.5\rp1.3.labs.11-20-2017 07-53-23.png",,,
"11/20/2017 08:00:52",2810,"11/20/2017 08:00:56",646353,"11/20/2017 08:11:43","D:\code\cc-script_0.0.5\rp1.3.labs.11-20-2017 08-00-40.png","Request timed out: LTVH","NotAvailable.png",
"11/20/2017 08:19:05",3032,"11/20/2017 08:19:10",612032,"11/20/2017 08:29:22","D:\code\cc-script_0.0.5\rp1.3.labs.11-20-2017 08-18-54.png","Request timed out: LTVH","NotAvailable.png",
"11/20/2017 08:36:36",1700,"11/20/2017 08:36:40",9570,"11/20/2017 08:36:49","D:\code\cc-script_0.0.5\rp1.3.labs.11-20-2017 08-36-23.png",,,
"11/20/2017 08:43:55",1495,"11/20/2017 08:43:59",45866,"11/20/2017 08:44:44","D:\code\cc-script_0.0.5\rp1.3.labs.11-20-2017 08-43-45.png",,,
"11/20/2017 09:16:05",5487,"11/20/2017 09:16:12",40816,"11/20/2017 09:16:53","D:\code\cc-script_0.0.5\rp1.3.labs.11-20-2017 09-15-54.png",,,
"11/20/2017 09:24:35",96859,"11/20/2017 09:26:13",10059,"11/20/2017 09:26:23","D:\code\cc-script_0.0.5\rp1.3.labs.11-20-2017 09-24-18.png",,,
"11/20/2017 09:33:35",1507,"11/20/2017 09:33:38",7498,"11/20/2017 09:33:46","D:\code\cc-script_0.0.5\rp1.3.labs.11-20-2017 09-33-24.png",,,
"11/20/2017 09:40:53",3750,"11/20/2017 09:40:59",646451,"11/20/2017 09:51:45","D:\code\cc-script_0.0.5\rp1.3.labs.11-20-2017 09-40-41.png",,,
"11/20/2017 09:59:10",3564,"11/20/2017 09:59:16",13088,"11/20/2017 09:59:29","D:\code\cc-script_0.0.5\rp1.3.labs.11-20-2017 09-58-55.png",,,
"11/20/2017 10:06:37",1419,"11/20/2017 10:06:41",9255,"11/20/2017 10:06:50","D:\code\cc-script_0.0.5\rp1.3.labs.11-20-2017 10-06-26.png",,,
"11/20/2017 10:14:03",1799,"11/20/2017 10:14:07",9434,"11/20/2017 10:14:17","D:\code\cc-script_0.0.5\rp1.3.labs.11-20-2017 10-13-53.png",,,
"11/20/2017 10:21:22",2495,"11/20/2017 10:21:27",633951,"11/20/2017 10:32:01","D:\code\cc-script_0.0.5\rp1.3.labs.11-20-2017 10-21-11.png","Request timed out: LTVH","NotAvailable.png",
"11/20/2017 10:39:18",5567,"11/20/2017 10:39:26",11114,"11/20/2017 10:39:37","D:\code\cc-script_0.0.5\rp1.3.labs.11-20-2017 10-39-08.png",,,
"11/20/2017 10:46:42",1955,"11/20/2017 10:46:46",8505,"11/20/2017 10:46:54","D:\code\cc-script_0.0.5\rp1.3.labs.11-20-2017 10-46-31.png",,,
"11/20/2017 10:54:25",2483,"11/20/2017 10:54:29",8502,"11/20/2017 10:54:38","D:\code\cc-script_0.0.5\rp1.3.labs.11-20-2017 10-54-05.png",,,
"11/20/2017 11:01:48",1553,"11/20/2017 11:01:52",33872,"11/20/2017 11:02:25","D:\code\cc-script_0.0.5\rp1.3.labs.11-20-2017 11-01-38.png",,,
"11/20/2017 11:09:42",2612,"11/20/2017 11:09:47",16960,"11/20/2017 11:10:04","D:\code\cc-script_0.0.5\rp1.3.labs.11-20-2017 11-09-30.png",,,
"11/20/2017 11:17:35",2574,"11/20/2017 11:17:40",8516,"11/20/2017 11:17:49","D:\code\cc-script_0.0.5\rp1.3.labs.11-20-2017 11-17-24.png",,,
"11/20/2017 11:24:57",1875,"11/20/2017 11:25:01",629666,"11/20/2017 11:35:31","D:\code\cc-script_0.0.5\rp1.3.labs.11-20-2017 11-24-47.png","Request timed out: LTVH","NotAvailable.png",
"11/20/2017 11:42:53",3524,"11/20/2017 11:42:59",13570,"11/20/2017 11:43:12","D:\code\cc-script_0.0.5\rp1.3.labs.11-20-2017 11-42-40.png",,,
"11/20/2017 11:50:40",2964,"11/20/2017 11:50:45",608612,"11/20/2017 12:00:54","D:\code\cc-script_0.0.5\rp1.3.labs.11-20-2017 11-50-08.png","Request timed out: LTVH","NotAvailable.png",
"11/20/2017 12:32:19",2563,"11/20/2017 12:32:24",412703,"11/20/2017 12:39:16","D:\code\cc-script_0.0.5\rp1.3.labs.11-20-2017 12-32-08.png",,,
"11/20/2017 12:46:30",1759,"11/20/2017 12:46:34",9911,"11/20/2017 12:46:44","D:\code\cc-script_0.0.5\rp1.3.labs.11-20-2017 12-46-19.png",,,
"11/20/2017 12:54:04",1478,"11/20/2017 12:54:08",9613,"11/20/2017 12:54:17","D:\code\cc-script_0.0.5\rp1.3.labs.11-20-2017 12-53-54.png",,,
"11/20/2017 13:01:28",1562,"11/20/2017 13:01:32",7859,"11/20/2017 13:01:40","D:\code\cc-script_0.0.5\rp1.3.labs.11-20-2017 13-01-18.png",,,
"11/20/2017 13:08:54",2697,"11/20/2017 13:08:59",17747,"11/20/2017 13:09:17","D:\code\cc-script_0.0.5\rp1.3.labs.11-20-2017 13-08-43.png",,,
"11/20/2017 13:16:28",2592,"11/20/2017 13:16:32",10669,"11/20/2017 13:16:43","D:\code\cc-script_0.0.5\rp1.3.labs.11-20-2017 13-16-17.png",,,
"11/20/2017 13:23:49",1469,"11/20/2017 13:23:52",9207,"11/20/2017 13:24:02","D:\code\cc-script_0.0.5\rp1.3.labs.11-20-2017 13-23-38.png",,,
"11/20/2017 13:31:13",1649,"11/20/2017 13:31:17",7927,"11/20/2017 13:31:25","D:\code\cc-script_0.0.5\rp1.3.labs.11-20-2017 13-31-03.png",,,
"11/20/2017 13:38:30",1688,"11/20/2017 13:38:34",10115,"11/20/2017 13:38:44","D:\code\cc-script_0.0.5\rp1.3.labs.11-20-2017 13-38-19.png",,,
"11/20/2017 13:46:05",5604,"11/20/2017 13:46:13",11611,"11/20/2017 13:46:24","D:\code\cc-script_0.0.5\rp1.3.labs.11-20-2017 13-45-54.png",,,
"11/20/2017 13:53:31",1988,"11/20/2017 13:53:35",10680,"11/20/2017 13:53:46","D:\code\cc-script_0.0.5\rp1.3.labs.11-20-2017 13-53-21.png",,,
"11/20/2017 14:00:58",1884,"11/20/2017 14:01:02",9307,"11/20/2017 14:01:11","D:\code\cc-script_0.0.5\rp1.3.labs.11-20-2017 14-00-47.png",,,
"11/20/2017 14:08:17",1521,"11/20/2017 14:08:20",7629,"11/20/2017 14:08:28","D:\code\cc-script_0.0.5\rp1.3.labs.11-20-2017 14-08-06.png",,,
"11/20/2017 14:15:39",1538,"11/20/2017 14:15:43",7487,"11/20/2017 14:15:50","D:\code\cc-script_0.0.5\rp1.3.labs.11-20-2017 14-15-28.png",,,
"11/20/2017 14:23:05",2482,"11/20/2017 14:23:10",17202,"11/20/2017 14:23:27","D:\code\cc-script_0.0.5\rp1.3.labs.11-20-2017 14-22-54.png",,,
"11/20/2017 14:34:27",1644,"11/20/2017 14:34:31",10528,"11/20/2017 14:34:41","D:\code\cc-script_0.0.5\rp1.3.labs.11-20-2017 14-34-16.png",,,
"11/20/2017 15:31:16",2577,"11/20/2017 15:31:21",32972,"11/20/2017 15:31:54","D:\code\cc-script_0.0.5\rp1.3.labs.11-20-2017 15-31-05.png",,,
"11/20/2017 15:39:57",2508,"11/20/2017 15:40:02",11616,"11/20/2017 15:40:13","D:\code\cc-script_0.0.5\rp1.3.labs.11-20-2017 15-39-14.png",,,
"11/20/2017 15:47:22",1662,"11/20/2017 15:47:26",10795,"11/20/2017 15:47:37","D:\code\cc-script_0.0.5\rp1.3.labs.11-20-2017 15-47-12.png",,,
"11/20/2017 16:20:06",13134,"11/20/2017 16:20:21",885024,"11/20/2017 16:35:06","D:\code\cc-script_0.0.5\rp1.2.patient.11-20-2017 16-19-13.png",,,
"11/20/2017 17:02:21",5454,"11/20/2017 17:02:29",39319,"11/20/2017 17:03:08","D:\code\cc-script_0.0.5\rp1.3.labs.11-20-2017 17-02-11.png",,,
"11/20/2017 17:35:00",2570,"11/20/2017 17:35:05",25925,"11/20/2017 17:35:31","D:\code\cc-script_0.0.5\rp1.3.labs.11-20-2017 17-34-50.png",,,
"11/20/2017 17:42:50",1488,"11/20/2017 17:42:53",8838,"11/20/2017 17:43:02","D:\code\cc-script_0.0.5\rp1.3.labs.11-20-2017 17-42-39.png",,,
"11/20/2017 17:50:20",1719,"11/20/2017 17:50:24",12502,"11/20/2017 17:50:37","D:\code\cc-script_0.0.5\rp1.3.labs.11-20-2017 17-50-08.png",,,
"11/20/2017 17:57:43",1558,"11/20/2017 17:57:46",8062,"11/20/2017 17:57:54","D:\code\cc-script_0.0.5\rp1.3.labs.11-20-2017 17-57-32.png",,,
"11/20/2017 18:05:18",5503,"11/20/2017 18:05:25",38056,"11/20/2017 18:06:03","D:\code\cc-script_0.0.5\rp1.3.labs.11-20-2017 18-05-07.png",,,
"11/20/2017 18:13:17",1495,"11/20/2017 18:13:21",8208,"11/20/2017 18:13:29","D:\code\cc-script_0.0.5\rp1.3.labs.11-20-2017 18-13-06.png",,,
"11/20/2017 18:20:54",1922,"11/20/2017 18:20:58",8603,"11/20/2017 18:21:07","D:\code\cc-script_0.0.5\rp1.3.labs.11-20-2017 18-20-29.png",,,
"11/20/2017 18:28:14",1528,"11/20/2017 18:28:18",7614,"11/20/2017 18:28:25","D:\code\cc-script_0.0.5\rp1.3.labs.11-20-2017 18-28-03.png",,,
"11/20/2017 18:36:10",2483,"11/20/2017 18:36:14",42289,"11/20/2017 18:36:56","D:\code\cc-script_0.0.5\rp1.3.labs.11-20-2017 18-35-26.png",,,
"11/20/2017 18:44:12",1457,"11/20/2017 18:44:16",8429,"11/20/2017 18:44:24","D:\code\cc-script_0.0.5\rp1.3.labs.11-20-2017 18-44-02.png",,,
"11/20/2017 18:51:34",1569,"11/20/2017 18:51:38",8981,"11/20/2017 18:51:47","D:\code\cc-script_0.0.5\rp1.3.labs.11-20-2017 18-51-24.png",,,
"11/20/2017 18:58:54",1449,"11/20/2017 18:58:57",8658,"11/20/2017 18:59:06","D:\code\cc-script_0.0.5\rp1.3.labs.11-20-2017 18-58-43.png",,,
"11/20/2017 19:06:23",2728,"11/20/2017 19:06:27",11917,"11/20/2017 19:06:39","D:\code\cc-script_0.0.5\rp1.3.labs.11-20-2017 19-06-12.png",,,
"11/20/2017 19:13:43",1459,"11/20/2017 19:13:47",36739,"11/20/2017 19:14:24","D:\code\cc-script_0.0.5\rp1.3.labs.11-20-2017 19-13-33.png",,,
"11/20/2017 19:21:40",1605,"11/20/2017 19:21:44",8382,"11/20/2017 19:21:52","D:\code\cc-script_0.0.5\rp1.3.labs.11-20-2017 19-21-30.png",,,
"11/20/2017 19:28:59",1592,"11/20/2017 19:29:03",8529,"11/20/2017 19:29:12","D:\code\cc-script_0.0.5\rp1.3.labs.11-20-2017 19-28-49.png",,,
"11/20/2017 19:36:22",1565,"11/20/2017 19:36:25",8952,"11/20/2017 19:36:34","D:\code\cc-script_0.0.5\rp1.3.labs.11-20-2017 19-36-11.png",,,
"11/20/2017 19:43:41",2560,"11/20/2017 19:43:45",12371,"11/20/2017 19:43:58","D:\code\cc-script_0.0.5\rp1.3.labs.11-20-2017 19-43-30.png",,,
"11/20/2017 19:51:12",1682,"11/20/2017 19:51:16",29752,"11/20/2017 19:51:45","D:\code\cc-script_0.0.5\rp1.3.labs.11-20-2017 19-51-01.png",,,
"11/20/2017 19:58:59",2743,"11/20/2017 19:59:04",7868,"11/20/2017 19:59:12","D:\code\cc-script_0.0.5\rp1.3.labs.11-20-2017 19-58-49.png",,,
"11/20/2017 20:06:21",1619,"11/20/2017 20:06:24",7805,"11/20/2017 20:06:32","D:\code\cc-script_0.0.5\rp1.3.labs.11-20-2017 20-06-11.png",,,
"11/20/2017 20:13:39",1477,"11/20/2017 20:13:42",8179,"11/20/2017 20:13:50","D:\code\cc-script_0.0.5\rp1.3.labs.11-20-2017 20-13-28.png",,,
"11/20/2017 20:21:06",5449,"11/20/2017 20:21:14",9830,"11/20/2017 20:21:24","D:\code\cc-script_0.0.5\rp1.3.labs.11-20-2017 20-20-56.png",,,
"11/20/2017 20:28:29",1494,"11/20/2017 20:28:33",23989,"11/20/2017 20:28:57","D:\code\cc-script_0.0.5\rp1.3.labs.11-20-2017 20-28-19.png",,,
"11/20/2017 20:36:13",1709,"11/20/2017 20:36:17",7588,"11/20/2017 20:36:24","D:\code\cc-script_0.0.5\rp1.3.labs.11-20-2017 20-36-03.png",,,
"11/20/2017 20:43:30",1533,"11/20/2017 20:43:33",7407,"11/20/2017 20:43:41","D:\code\cc-script_0.0.5\rp1.3.labs.11-20-2017 20-43-20.png",,,
"11/20/2017 20:50:51",1786,"11/20/2017 20:50:55",7994,"11/20/2017 20:51:03","D:\code\cc-script_0.0.5\rp1.3.labs.11-20-2017 20-50-41.png",,,
"11/20/2017 20:58:12",5237,"11/20/2017 20:58:19",9869,"11/20/2017 20:58:29","D:\code\cc-script_0.0.5\rp1.3.labs.11-20-2017 20-58-02.png",,,
"11/20/2017 21:05:40",1862,"11/20/2017 21:05:44",29123,"11/20/2017 21:06:13","D:\code\cc-script_0.0.5\rp1.3.labs.11-20-2017 21-05-30.png",,,
"11/20/2017 21:13:32",1630,"11/20/2017 21:13:35",7321,"11/20/2017 21:13:43","D:\code\cc-script_0.0.5\rp1.3.labs.11-20-2017 21-13-21.png",,,
"11/20/2017 21:20:57",1601,"11/20/2017 21:21:01",8572,"11/20/2017 21:21:10","D:\code\cc-script_0.0.5\rp1.3.labs.11-20-2017 21-20-47.png",,,
"11/20/2017 21:28:16",2548,"11/20/2017 21:28:20",7718,"11/20/2017 21:28:28","D:\code\cc-script_0.0.5\rp1.3.labs.11-20-2017 21-28-04.png",,,
"11/20/2017 21:35:37",2343,"11/20/2017 21:35:42",10675,"11/20/2017 21:35:52","D:\code\cc-script_0.0.5\rp1.3.labs.11-20-2017 21-35-27.png",,,
"11/20/2017 21:42:58",4750,"11/20/2017 21:43:05",23860,"11/20/2017 21:43:29","D:\code\cc-script_0.0.5\rp1.3.labs.11-20-2017 21-42-48.png",,,
"11/20/2017 21:50:45",2571,"11/20/2017 21:50:49",7401,"11/20/2017 21:50:57","D:\code\cc-script_0.0.5\rp1.3.labs.11-20-2017 21-50-34.png",,,
"11/20/2017 21:58:03",1551,"11/20/2017 21:58:07",7123,"11/20/2017 21:58:14","D:\code\cc-script_0.0.5\rp1.3.labs.11-20-2017 21-57-52.png",,,
"11/20/2017 22:05:23",5457,"11/20/2017 22:05:30",9065,"11/20/2017 22:05:39","D:\code\cc-script_0.0.5\rp1.3.labs.11-20-2017 22-05-12.png",,,
"11/20/2017 22:12:46",2893,"11/20/2017 22:12:51",11643,"11/20/2017 22:13:02","D:\code\cc-script_0.0.5\rp1.3.labs.11-20-2017 22-12-34.png",,,
"11/20/2017 22:20:19",1555,"11/20/2017 22:20:22",27367,"11/20/2017 22:20:50","D:\code\cc-script_0.0.5\rp1.3.labs.11-20-2017 22-20-09.png",,,
"11/20/2017 22:28:02",1764,"11/20/2017 22:28:05",7854,"11/20/2017 22:28:13","D:\code\cc-script_0.0.5\rp1.3.labs.11-20-2017 22-27-51.png",,,
"11/20/2017 22:35:25",6138,"11/20/2017 22:35:33",8600,"11/20/2017 22:35:42","D:\code\cc-script_0.0.5\rp1.3.labs.11-20-2017 22-35-15.png",,,
"11/20/2017 22:42:47",1471,"11/20/2017 22:42:50",6892,"11/20/2017 22:42:57","D:\code\cc-script_0.0.5\rp1.3.labs.11-20-2017 22-42-36.png",,,
"11/20/2017 22:50:10",6030,"11/20/2017 22:50:18",12664,"11/20/2017 22:50:30","D:\code\cc-script_0.0.5\rp1.3.labs.11-20-2017 22-49-59.png",,,
"11/20/2017 22:57:38",1512,"11/20/2017 22:57:41",24942,"11/20/2017 22:58:06","D:\code\cc-script_0.0.5\rp1.3.labs.11-20-2017 22-57-25.png",,,
"11/20/2017 23:05:26",2406,"11/20/2017 23:05:31",12125,"11/20/2017 23:05:43","D:\code\cc-script_0.0.5\rp1.3.labs.11-20-2017 23-05-15.png",,,
"11/20/2017 23:12:51",5493,"11/20/2017 23:12:58",23489,"11/20/2017 23:13:22","D:\code\cc-script_0.0.5\rp1.3.labs.11-20-2017 23-12-39.png",,,
"11/20/2017 23:20:35",6297,"11/20/2017 23:20:44",14952,"11/20/2017 23:20:59","D:\code\cc-script_0.0.5\rp1.3.labs.11-20-2017 23-20-24.png",,,
"11/20/2017 23:28:04",1622,"11/20/2017 23:28:08",27031,"11/20/2017 23:28:35","D:\code\cc-script_0.0.5\rp1.3.labs.11-20-2017 23-27-53.png",,,
"11/20/2017 23:35:51",2591,"11/20/2017 23:35:56",8385,"11/20/2017 23:36:04","D:\code\cc-script_0.0.5\rp1.3.labs.11-20-2017 23-35-41.png",,,
"11/20/2017 23:43:12",2607,"11/20/2017 23:43:16",7132,"11/20/2017 23:43:23","D:\code\cc-script_0.0.5\rp1.3.labs.11-20-2017 23-43-00.png",,,
"11/20/2017 23:50:37",6758,"11/20/2017 23:50:46",12687,"11/20/2017 23:50:58","D:\code\cc-script_0.0.5\rp1.3.labs.11-20-2017 23-50-26.png",,,
"11/20/2017 23:58:06",1506,"11/20/2017 23:58:09",8830,"11/20/2017 23:58:18","D:\code\cc-script_0.0.5\rp1.3.labs.11-20-2017 23-57-54.png",,,
"11/21/2017 00:05:30",1611,"11/21/2017 00:05:33",32409,"11/21/2017 00:06:06","D:\code\cc-script_0.0.5\rp1.3.labs.11-21-2017 00-05-19.png",,,
"11/21/2017 00:13:21",6176,"11/21/2017 00:13:29",9062,"11/21/2017 00:13:38","D:\code\cc-script_0.0.5\rp1.3.labs.11-21-2017 00-13-10.png",,,
"11/21/2017 00:20:51",6543,"11/21/2017 00:20:59",10349,"11/21/2017 00:21:10","D:\code\cc-script_0.0.5\rp1.3.labs.11-21-2017 00-20-40.png",,,
"11/21/2017 00:28:15",1482,"11/21/2017 00:28:19",8798,"11/21/2017 00:28:27","D:\code\cc-script_0.0.5\rp1.3.labs.11-21-2017 00-28-04.png",,,
"11/21/2017 00:35:44",2076,"11/21/2017 00:35:49",14460,"11/21/2017 00:36:03","D:\code\cc-script_0.0.5\rp1.3.labs.11-21-2017 00-35-31.png",,,
"11/21/2017 00:43:09",1457,"11/21/2017 00:43:12",23976,"11/21/2017 00:43:36","D:\code\cc-script_0.0.5\rp1.3.labs.11-21-2017 00-42-59.png",,,
"11/21/2017 00:50:56",8677,"11/21/2017 00:51:06",10026,"11/21/2017 00:51:16","D:\code\cc-script_0.0.5\rp1.3.labs.11-21-2017 00-50-45.png",,,
"11/21/2017 00:58:25",1446,"11/21/2017 00:58:28",7953,"11/21/2017 00:58:36","D:\code\cc-script_0.0.5\rp1.3.labs.11-21-2017 00-58-14.png",,,
"11/21/2017 01:05:50",1716,"11/21/2017 01:05:54",8202,"11/21/2017 01:06:02","D:\code\cc-script_0.0.5\rp1.3.labs.11-21-2017 01-05-40.png",,,
"11/21/2017 01:13:13",1510,"11/21/2017 01:13:17",10075,"11/21/2017 01:13:27","D:\code\cc-script_0.0.5\rp1.3.labs.11-21-2017 01-13-03.png",,,
"11/21/2017 01:20:39",2203,"11/21/2017 01:20:43",35128,"11/21/2017 01:21:18","D:\code\cc-script_0.0.5\rp1.3.labs.11-21-2017 01-20-28.png",,,
"11/21/2017 01:28:35",2673,"11/21/2017 01:28:39",10099,"11/21/2017 01:28:50","D:\code\cc-script_0.0.5\rp1.3.labs.11-21-2017 01-28-22.png",,,
"11/21/2017 01:36:05",1803,"11/21/2017 01:36:09",7593,"11/21/2017 01:36:16","D:\code\cc-script_0.0.5\rp1.3.labs.11-21-2017 01-35-54.png",,,
"11/21/2017 01:43:22",1492,"11/21/2017 01:43:25",10187,"11/21/2017 01:43:35","D:\code\cc-script_0.0.5\rp1.3.labs.11-21-2017 01-43-11.png",,,
"11/21/2017 01:50:50",2086,"11/21/2017 01:50:54",9415,"11/21/2017 01:51:04","D:\code\cc-script_0.0.5\rp1.3.labs.11-21-2017 01-50-39.png",,,
"11/21/2017 01:58:15",1449,"11/21/2017 01:58:19",21485,"11/21/2017 01:58:40","D:\code\cc-script_0.0.5\rp1.3.labs.11-21-2017 01-58-05.png",,,
"11/21/2017 02:06:00",4179,"11/21/2017 02:06:06",9692,"11/21/2017 02:06:16","D:\code\cc-script_0.0.5\rp1.3.labs.11-21-2017 02-05-49.png",,,
"11/21/2017 02:13:24",2174,"11/21/2017 02:13:28",11591,"11/21/2017 02:13:40","D:\code\cc-script_0.0.5\rp1.3.labs.11-21-2017 02-13-11.png",,,
"11/21/2017 02:20:52",2010,"11/21/2017 02:20:56",9989,"11/21/2017 02:21:06","D:\code\cc-script_0.0.5\rp1.3.labs.11-21-2017 02-20-42.png",,,
"11/21/2017 02:28:21",1447,"11/21/2017 02:28:25",9756,"11/21/2017 02:28:35","D:\code\cc-script_0.0.5\rp1.3.labs.11-21-2017 02-28-11.png",,,
"11/21/2017 02:35:43",1798,"11/21/2017 02:35:47",24435,"11/21/2017 02:36:12","D:\code\cc-script_0.0.5\rp1.3.labs.11-21-2017 02-35-33.png",,,
"11/21/2017 02:43:36",5418,"11/21/2017 02:43:44",11892,"11/21/2017 02:43:56","D:\code\cc-script_0.0.5\rp1.3.labs.11-21-2017 02-43-25.png",,,
"11/21/2017 02:51:06",1700,"11/21/2017 02:51:09",7819,"11/21/2017 02:51:17","D:\code\cc-script_0.0.5\rp1.3.labs.11-21-2017 02-50-55.png",,,
"11/21/2017 02:58:29",1491,"11/21/2017 02:58:32",9034,"11/21/2017 02:58:41","D:\code\cc-script_0.0.5\rp1.3.labs.11-21-2017 02-58-18.png",,,
"11/21/2017 03:05:51",1886,"11/21/2017 03:05:55",8032,"11/21/2017 03:06:03","D:\code\cc-script_0.0.5\rp1.3.labs.11-21-2017 03-05-41.png",,,
"11/21/2017 03:13:15",1506,"11/21/2017 03:13:19",20198,"11/21/2017 03:13:39","D:\code\cc-script_0.0.5\rp1.3.labs.11-21-2017 03-13-04.png",,,
"11/21/2017 03:21:00",3835,"11/21/2017 03:21:05",16590,"11/21/2017 03:21:22","D:\code\cc-script_0.0.5\rp1.3.labs.11-21-2017 03-20-49.png",,,
"11/21/2017 03:28:39",2326,"11/21/2017 03:28:43",9479,"11/21/2017 03:28:53","D:\code\cc-script_0.0.5\rp1.3.labs.11-21-2017 03-28-26.png",,,
"11/21/2017 03:36:05",2100,"11/21/2017 03:36:09",7792,"11/21/2017 03:36:17","D:\code\cc-script_0.0.5\rp1.3.labs.11-21-2017 03-35-55.png",,,
"11/21/2017 03:43:21",1610,"11/21/2017 03:43:25",7772,"11/21/2017 03:43:32","D:\code\cc-script_0.0.5\rp1.3.labs.11-21-2017 03-43-11.png",,,
"11/21/2017 03:50:51",1805,"11/21/2017 03:50:55",25001,"11/21/2017 03:51:20","D:\code\cc-script_0.0.5\rp1.3.labs.11-21-2017 03-50-40.png",,,
"11/21/2017 03:58:35",8348,"11/21/2017 03:58:45",12833,"11/21/2017 03:58:58","D:\code\cc-script_0.0.5\rp1.3.labs.11-21-2017 03-58-24.png",,,
"11/21/2017 04:06:16",1871,"11/21/2017 04:06:20",8883,"11/21/2017 04:06:29","D:\code\cc-script_0.0.5\rp1.3.labs.11-21-2017 04-06-05.png",,,
"11/21/2017 04:13:35",1503,"11/21/2017 04:13:38",7836,"11/21/2017 04:13:46","D:\code\cc-script_0.0.5\rp1.3.labs.11-21-2017 04-13-24.png",,,
"11/21/2017 04:45:14",4228,"11/21/2017 04:45:20",36420,"11/21/2017 04:45:57","D:\code\cc-script_0.0.5\rp1.3.labs.11-21-2017 04-45-02.png",,,
"11/21/2017 04:53:04",1450,"11/21/2017 04:53:08",7422,"11/21/2017 04:53:15","D:\code\cc-script_0.0.5\rp1.3.labs.11-21-2017 04-52-54.png",,,
"11/21/2017 05:00:25",7567,"11/21/2017 05:00:35",8034,"11/21/2017 05:00:43","D:\code\cc-script_0.0.5\rp1.3.labs.11-21-2017 05-00-15.png",,,
"11/21/2017 05:07:47",5808,"11/21/2017 05:07:54",8655,"11/21/2017 05:08:03","D:\code\cc-script_0.0.5\rp1.3.labs.11-21-2017 05-07-36.png",,,
"11/21/2017 05:15:23",6199,"11/21/2017 05:15:32",11595,"11/21/2017 05:15:43","D:\code\cc-script_0.0.5\rp1.3.labs.11-21-2017 05-15-13.png",,,
"11/21/2017 05:22:49",1522,"11/21/2017 05:22:52",22537,"11/21/2017 05:23:15","D:\code\cc-script_0.0.5\rp1.3.labs.11-21-2017 05-22-38.png",,,
"11/21/2017 05:30:26",8229,"11/21/2017 05:30:37",8440,"11/21/2017 05:30:45","D:\code\cc-script_0.0.5\rp1.3.labs.11-21-2017 05-30-16.png",,,
"11/21/2017 05:37:53",1791,"11/21/2017 05:37:57",8462,"11/21/2017 05:38:05","D:\code\cc-script_0.0.5\rp1.3.labs.11-21-2017 05-37-42.png",,,
"11/21/2017 05:45:17",1579,"11/21/2017 05:45:21",7403,"11/21/2017 05:45:28","D:\code\cc-script_0.0.5\rp1.3.labs.11-21-2017 05-45-07.png",,,
"11/21/2017 05:52:43",2819,"11/21/2017 05:52:48",10859,"11/21/2017 05:52:58","D:\code\cc-script_0.0.5\rp1.3.labs.11-21-2017 05-52-30.png",,,
"11/21/2017 06:00:15",1933,"11/21/2017 06:00:19",26447,"11/21/2017 06:00:45","D:\code\cc-script_0.0.5\rp1.3.labs.11-21-2017 06-00-04.png",,,
"11/21/2017 06:07:56",1440,"11/21/2017 06:08:00",8020,"11/21/2017 06:08:08","D:\code\cc-script_0.0.5\rp1.3.labs.11-21-2017 06-07-46.png",,,
"11/21/2017 06:15:19",1822,"11/21/2017 06:15:23",9636,"11/21/2017 06:15:32","D:\code\cc-script_0.0.5\rp1.3.labs.11-21-2017 06-15-09.png",,,
"11/21/2017 06:22:39",1516,"11/21/2017 06:22:43",7967,"11/21/2017 06:22:51","D:\code\cc-script_0.0.5\rp1.3.labs.11-21-2017 06-22-29.png",,,
"11/21/2017 06:30:13",2741,"11/21/2017 06:30:18",15902,"11/21/2017 06:30:33","D:\code\cc-script_0.0.5\rp1.3.labs.11-21-2017 06-30-02.png",,,
"11/21/2017 06:37:39",7915,"11/21/2017 06:37:49",22913,"11/21/2017 06:38:11","D:\code\cc-script_0.0.5\rp1.3.labs.11-21-2017 06-37-28.png",,,
"11/21/2017 06:45:24",2263,"11/21/2017 06:45:28",11073,"11/21/2017 06:45:39","D:\code\cc-script_0.0.5\rp1.3.labs.11-21-2017 06-45-12.png",,,
"11/21/2017 06:52:47",1448,"11/21/2017 06:52:50",8504,"11/21/2017 06:52:59","D:\code\cc-script_0.0.5\rp1.3.labs.11-21-2017 06-52-36.png",,,
"11/21/2017 07:00:10",1901,"11/21/2017 07:00:14",8742,"11/21/2017 07:00:22","D:\code\cc-script_0.0.5\rp1.3.labs.11-21-2017 06-59-59.png",,,
"11/21/2017 07:07:34",5522,"11/21/2017 07:07:42",10993,"11/21/2017 07:07:53","D:\code\cc-script_0.0.5\rp1.3.labs.11-21-2017 07-07-23.png",,,
"11/21/2017 07:15:04",5652,"11/21/2017 07:15:11",26514,"11/21/2017 07:15:38","D:\code\cc-script_0.0.5\rp1.3.labs.11-21-2017 07-14-53.png",,,
"11/21/2017 07:22:46",1808,"11/21/2017 07:22:49",8148,"11/21/2017 07:22:58","D:\code\cc-script_0.0.5\rp1.3.labs.11-21-2017 07-22-35.png",,,
"11/21/2017 07:30:09",1774,"11/21/2017 07:30:13",8683,"11/21/2017 07:30:22","D:\code\cc-script_0.0.5\rp1.3.labs.11-21-2017 07-29-59.png",,,
"11/21/2017 07:37:29",1476,"11/21/2017 07:37:32",7980,"11/21/2017 07:37:40","D:\code\cc-script_0.0.5\rp1.3.labs.11-21-2017 07-37-18.png",,,
"11/21/2017 07:44:57",5638,"11/21/2017 07:45:05",14973,"11/21/2017 07:45:20","D:\code\cc-script_0.0.5\rp1.3.labs.11-21-2017 07-44-47.png",,,
"11/21/2017 07:52:26",1450,"11/21/2017 07:52:30",26132,"11/21/2017 07:52:56","D:\code\cc-script_0.0.5\rp1.3.labs.11-21-2017 07-52-15.png",,,
"11/21/2017 08:00:07",1802,"11/21/2017 08:00:10",48582,"11/21/2017 08:00:59","D:\code\cc-script_0.0.5\rp1.3.labs.11-21-2017 07-59-56.png",,,
"11/21/2017 08:08:05",1493,"11/21/2017 08:08:08",6928,"11/21/2017 08:08:15","D:\code\cc-script_0.0.5\rp1.3.labs.11-21-2017 08-07-54.png",,,
"11/21/2017 08:15:32",2699,"11/21/2017 08:15:37",12556,"11/21/2017 08:15:49","D:\code\cc-script_0.0.5\rp1.3.labs.11-21-2017 08-15-22.png",,,
"11/21/2017 08:22:55",1452,"11/21/2017 08:22:59",25075,"11/21/2017 08:23:24","D:\code\cc-script_0.0.5\rp1.3.labs.11-21-2017 08-22-45.png",,,
"11/21/2017 08:30:37",1560,"11/21/2017 08:30:40",28055,"11/21/2017 08:31:08","D:\code\cc-script_0.0.5\rp1.3.labs.11-21-2017 08-30-26.png",,,
"11/21/2017 08:38:17",1468,"11/21/2017 08:38:21",9093,"11/21/2017 08:38:30","D:\code\cc-script_0.0.5\rp1.3.labs.11-21-2017 08-38-05.png",,,
"11/21/2017 08:45:47",2948,"11/21/2017 08:45:51",12090,"11/21/2017 08:46:04","D:\code\cc-script_0.0.5\rp1.3.labs.11-21-2017 08-45-36.png",,,
"11/21/2017 08:53:09",1463,"11/21/2017 08:53:12",7754,"11/21/2017 08:53:20","D:\code\cc-script_0.0.5\rp1.3.labs.11-21-2017 08-52-59.png",,,
"11/21/2017 09:00:33",1906,"11/21/2017 09:00:37",30080,"11/21/2017 09:01:07","D:\code\cc-script_0.0.5\rp1.3.labs.11-21-2017 09-00-23.png",,,
"11/21/2017 09:08:16",1493,"11/21/2017 09:08:20",8372,"11/21/2017 09:08:28","D:\code\cc-script_0.0.5\rp1.3.labs.11-21-2017 09-08-05.png",,,
"11/21/2017 09:15:39",1953,"11/21/2017 09:15:43",10680,"11/21/2017 09:15:54","D:\code\cc-script_0.0.5\rp1.3.labs.11-21-2017 09-15-28.png",,,
"11/21/2017 09:23:08",3084,"11/21/2017 09:23:14",13655,"11/21/2017 09:23:27","D:\code\cc-script_0.0.5\rp1.3.labs.11-21-2017 09-22-56.png",,,
"11/21/2017 09:30:47",1858,"11/21/2017 09:30:51",11275,"11/21/2017 09:31:02","D:\code\cc-script_0.0.5\rp1.3.labs.11-21-2017 09-30-34.png",,,
"11/21/2017 09:38:08",1485,"11/21/2017 09:38:11",24979,"11/21/2017 09:38:36","D:\code\cc-script_0.0.5\rp1.3.labs.11-21-2017 09-37-58.png",,,
"11/21/2017 09:45:45",1550,"11/21/2017 09:45:49",9178,"11/21/2017 09:45:58","D:\code\cc-script_0.0.5\rp1.3.labs.11-21-2017 09-45-35.png",,,
"11/21/2017 09:53:02",1636,"11/21/2017 09:53:06",9036,"11/21/2017 09:53:15","D:\code\cc-script_0.0.5\rp1.3.labs.11-21-2017 09-52-52.png",,,
"11/21/2017 10:00:33",3852,"11/21/2017 10:00:39",14232,"11/21/2017 10:00:53","D:\code\cc-script_0.0.5\rp1.3.labs.11-21-2017 10-00-21.png",,,
"11/21/2017 10:07:59",1453,"11/21/2017 10:08:03",7671,"11/21/2017 10:08:10","D:\code\cc-script_0.0.5\rp1.3.labs.11-21-2017 10-07-49.png",,,
"11/21/2017 10:15:21",1585,"11/21/2017 10:15:25",32064,"11/21/2017 10:15:57","D:\code\cc-script_0.0.5\rp1.3.labs.11-21-2017 10-15-11.png",,,
"11/21/2017 10:23:07",1590,"11/21/2017 10:23:10",8543,"11/21/2017 10:23:19","D:\code\cc-script_0.0.5\rp1.3.labs.11-21-2017 10-22-55.png",,,
"11/21/2017 10:30:38",2716,"11/21/2017 10:30:43",16625,"11/21/2017 10:31:00","D:\code\cc-script_0.0.5\rp1.3.labs.11-21-2017 10-30-27.png",,,
"11/21/2017 10:38:07",1592,"11/21/2017 10:38:10",8031,"11/21/2017 10:38:18","D:\code\cc-script_0.0.5\rp1.3.labs.11-21-2017 10-37-55.png",,,
"11/21/2017 10:45:31",1799,"11/21/2017 10:45:35",9414,"11/21/2017 10:45:44","D:\code\cc-script_0.0.5\rp1.3.labs.11-21-2017 10-45-21.png",,,
"11/21/2017 10:52:50",1575,"11/21/2017 10:52:53",23069,"11/21/2017 10:53:16","D:\code\cc-script_0.0.5\rp1.3.labs.11-21-2017 10-52-39.png",,,
"11/21/2017 11:00:28",3515,"11/21/2017 11:00:34",9442,"11/21/2017 11:00:43","D:\code\cc-script_0.0.5\rp1.3.labs.11-21-2017 11-00-17.png",,,
"11/21/2017 11:07:49",2512,"11/21/2017 11:07:53",12465,"11/21/2017 11:08:06","D:\code\cc-script_0.0.5\rp1.3.labs.11-21-2017 11-07-38.png",,,
"11/21/2017 11:15:25",1865,"11/21/2017 11:15:29",9518,"11/21/2017 11:15:38","D:\code\cc-script_0.0.5\rp1.3.labs.11-21-2017 11-15-14.png",,,
"11/21/2017 11:22:48",1483,"11/21/2017 11:22:51",8907,"11/21/2017 11:23:00","D:\code\cc-script_0.0.5\rp1.3.labs.11-21-2017 11-22-37.png",,,
"11/21/2017 11:30:13",1600,"11/21/2017 11:30:16",28771,"11/21/2017 11:30:45","D:\code\cc-script_0.0.5\rp1.3.labs.11-21-2017 11-30-01.png",,,
"11/21/2017 11:38:01",2594,"11/21/2017 11:38:06",12768,"11/21/2017 11:38:19","D:\code\cc-script_0.0.5\rp1.3.labs.11-21-2017 11-37-40.png",,,
"11/21/2017 11:45:40",1544,"11/21/2017 11:45:43",9606,"11/21/2017 11:45:53","D:\code\cc-script_0.0.5\rp1.3.labs.11-21-2017 11-45-28.png",,,
"11/21/2017 11:53:00",1549,"11/21/2017 11:53:04",8492,"11/21/2017 11:53:13","D:\code\cc-script_0.0.5\rp1.3.labs.11-21-2017 11-52-50.png",,,
"11/21/2017 12:00:26",2367,"11/21/2017 12:00:30",10988,"11/21/2017 12:00:41","D:\code\cc-script_0.0.5\rp1.3.labs.11-21-2017 12-00-14.png",,,
"11/21/2017 12:08:09",5465,"11/21/2017 12:08:16",25828,"11/21/2017 12:08:42","D:\code\cc-script_0.0.5\rp1.3.labs.11-21-2017 12-07-58.png",,,
"11/21/2017 12:16:48",3118,"11/21/2017 12:16:53",14069,"11/21/2017 12:17:07","D:\code\cc-script_0.0.5\rp1.3.labs.11-21-2017 12-15-49.png",,,
"11/21/2017 12:24:11",1725,"11/21/2017 12:24:14",8626,"11/21/2017 12:24:23","D:\code\cc-script_0.0.5\rp1.3.labs.11-21-2017 12-24-01.png",,,
"11/21/2017 12:31:44",1623,"11/21/2017 12:31:48",7681,"11/21/2017 12:31:56","D:\code\cc-script_0.0.5\rp1.3.labs.11-21-2017 12-31-34.png",,,
"11/21/2017 12:39:10",2492,"11/21/2017 12:39:15",39626,"11/21/2017 12:39:55","D:\code\cc-script_0.0.5\rp1.3.labs.11-21-2017 12-38-58.png",,,
"11/21/2017 12:47:17",2043,"11/21/2017 12:47:21",40964,"11/21/2017 12:48:02","D:\code\cc-script_0.0.5\rp1.3.labs.11-21-2017 12-47-05.png",,,
